ON_NODES
  9  1
  12  1
  15  1
  16  1
  17  1
  18  1
  19  1
  38  1
  39  1
  40  1
  42  1
  53  1
  56  1
  59  1
  60  1
  64  1
  65  1
  66  1
  72  1
  73  1
  78  1
  79  1
  80  1
  103  1
  104  1
  105  1
  108  1
  110  1
  116  1
  117  1
  119  1
  120  1
  125  1
  126  1
  147  1
  148  1
  149  1
  150  1
  156  1
  166  1
  167  1
  169  1
  170  1
  173  1
  177  1
  180  1
  181  1
  182  1
  183  1
  207  1
  208  1
  211  1
  213  1
  214  1
  221  1
  224  1
  227  1
  228  1
  229  1
  230  1
  257  1
  258  1
  259  1
  260  1
  261  1
  262  1
  277  1
  278  1
  279  1
  280  1
  285  1
  288  1
  298  1
  299  1
  301  1
  302  1
  305  1
  309  1
  310  1
  311  1
  312  1
  326  1
  340  1
  341  1
  343  1
  352  1
  353  1
  354  1
  363  1
  364  1
  365  1
  366  1
  373  1
  374  1
  388  1
  389  1
  391  1
  396  1
  397  1
  398  1
  403  1
  404  1
  405  1
  406  1
  421  1
  422  1
  436  1
  437  1
  439  1
  448  1
  449  1
  450  1
  459  1
  460  1
  461  1
  462  1
  469  1
  470  1
  484  1
  485  1
  487  1
  492  1
  493  1
  494  1
  499  1
  500  1
  503  1
  505  1
  506  1
  519  1
  527  1
  530  1
  534  1
  535  1
  542  1
  544  1
  547  1
  550  1
  556  1
  559  1
  561  1
  562  1
  563  1
  574  1
  1477  1
  1478  1
  1479  1
  1480  1
  1481  1
  1482  1
  1483  1
  1484  1
  1485  1
  1486  1
  1487  1
  1488  1
  1489  1
  1490  1
  1491  1
  1492  1
  1493  1
  1494  1
  1495  1
  1496  1
  1497  1
  1498  1
  1499  1
  1500  1
  1501  1
  1502  1
  1503  1
  1504  1
  1505  1
  1506  1
  1507  1
  1508  1
  1509  1
  1510  1
  1511  1
  1512  1
  1513  1
  1514  1
  1515  1
  1516  1
  1517  1
  1518  1
  1519  1
  1520  1
  1521  1
  1522  1
  1523  1
  1524  1
  1525  1
  1526  1
  1527  1
  1528  1
  1529  1
  1530  1
  1531  1
  1532  1
  1533  1
  1534  1
  1535  1
  1536  1
  1537  1
  1538  1
  1539  1
  1540  1
  1541  1
  1542  1
  1543  1
  1544  1
  1545  1
  1546  1
  1617  1
  1618  1
  1619  1
  1620  1
  1621  1
  1622  1
  1623  1
  1624  1
  1625  1
  1626  1
  1627  1
  1628  1
  1629  1
  1630  1
  1631  1
  1632  1
  1633  1
  1634  1
  1635  1
  1636  1
  1637  1
  1638  1
  1639  1
  1640  1
  1641  1
  1642  1
  1643  1
  1644  1
  1645  1
  1646  1
  1647  1
  1648  1
  1649  1
  1650  1
  1651  1
  1652  1
  1653  1
  1654  1
  1655  1
  1656  1
  1657  1
  1658  1
  1659  1
  1660  1
  1661  1
  1662  1
  1663  1
  1664  1
  1665  1
  1666  1
  1667  1
  1668  1
  1669  1
  1670  1
  1671  1
  1672  1
  1673  1
  1674  1
  1675  1
  1676  1
  1677  1
  1678  1
  1679  1
  1680  1
  1681  1
  1682  1
  1683  1
  1684  1
  1685  1
  1686  1
  2638  1
  2639  1
  2640  1
  2641  1
  2642  1
  2643  1
  2644  1
  2645  1
  2646  1
  2647  1
  2648  1
  2649  1
  2650  1
  2651  1
  2652  1
  2653  1
  2654  1
  2655  1
  2656  1
  2657  1
  2658  1
  2659  1
  2660  1
  2661  1
  2662  1
  2663  1
  2664  1
  2665  1
  2666  1
  2667  1
  2668  1
  2669  1
  2670  1
  2671  1
  2672  1
  2673  1
  2674  1
  2675  1
  2676  1
  2677  1
  2678  1
  2679  1
  2680  1
  2681  1
  2682  1
  2683  1
  2684  1
  2685  1
  2686  1
  2687  1
  2688  1
  2689  1
  2690  1
  2691  1
  2692  1
  2693  1
  2694  1
  2695  1
  2696  1
  2697  1
  2698  1
  2699  1
  2700  1
  2701  1
  2702  1
  2703  1
  2704  1
  2705  1
  2706  1
  2707  1
  2944  1
  2945  1
  2946  1
  2947  1
  2948  1
  2949  1
  2950  1
  2951  1
  2952  1
  2953  1
  2954  1
  2955  1
  2956  1
  2957  1
  2958  1
  2959  1
  2960  1
  2961  1
  2962  1
  2963  1
  2964  1
  2965  1
  2966  1
  2967  1
  2968  1
  2969  1
  2970  1
  2971  1
  2972  1
  2973  1
  2974  1
  2975  1
  2976  1
  2977  1
  2978  1
  3755  1
  3756  1
  3757  1
  3758  1
  3759  1
  3760  1
  3761  1
  3762  1
  3763  1
  3764  1
  3765  1
  3766  1
  3767  1
  3768  1
  3769  1
  3770  1
  3771  1
  3772  1
  3773  1
  3774  1
  3775  1
  3776  1
  3777  1
  3778  1
  3779  1
  3780  1
  3781  1
  3782  1
  3783  1
  3784  1
  3785  1
  3786  1
  3787  1
  3788  1
  3789  1
  3790  1
  3791  1
  3792  1
  3793  1
  3794  1
  3795  1
  3796  1
  3797  1
  3798  1
  3799  1
  3800  1
  3801  1
  3802  1
  3803  1
  3804  1
  3805  1
  3806  1
  3807  1
  3808  1
  3809  1
  3810  1
  3811  1
  3812  1
  3813  1
  3814  1
  3815  1
  3816  1
  3817  1
  3818  1
  3819  1
  3820  1
  3821  1
  3822  1
  3823  1
  3824  1
  3965  1
  3966  1
  3967  1
  3968  1
  3969  1
  3970  1
  3971  1
  3972  1
  3973  1
  3974  1
  3975  1
  3976  1
  3977  1
  3978  1
  3979  1
  3980  1
  3981  1
  3982  1
  3983  1
  3984  1
  3985  1
  3986  1
  3987  1
  3988  1
  3989  1
  3990  1
  3991  1
  3992  1
  3993  1
  3994  1
  3995  1
  3996  1
  3997  1
  3998  1
  3999  1
  4000  1
  4001  1
  4002  1
  4003  1
  4004  1
  4005  1
  4006  1
  4007  1
  4008  1
  4009  1
  4010  1
  4011  1
  4012  1
  4013  1
  4014  1
  4015  1
  4016  1
  4017  1
  4018  1
  4019  1
  4020  1
  4021  1
  4022  1
  4023  1
  4024  1
  4025  1
  4026  1
  4027  1
  4028  1
  4029  1
  4030  1
  4031  1
  4032  1
  4033  1
  4034  1
  4623  1
  4624  1
  4625  1
  4626  1
  4627  1
  4628  1
  4629  1
  4630  1
  4631  1
  4632  1
  4633  1
  4634  1
  4635  1
  4636  1
  4637  1
  4638  1
  4639  1
  4640  1
  4641  1
  4642  1
  4643  1
  4644  1
  4645  1
  4646  1
  4647  1
  4648  1
  4649  1
  4650  1
  4651  1
  4652  1
  4653  1
  4654  1
  4655  1
  4656  1
  4657  1
  4728  1
  4729  1
  4730  1
  4731  1
  4732  1
  4733  1
  4734  1
  4735  1
  4736  1
  4737  1
  4738  1
  4739  1
  4740  1
  4741  1
  4742  1
  4743  1
  4744  1
  4745  1
  4746  1
  4747  1
  4748  1
  4749  1
  4750  1
  4751  1
  4752  1
  4753  1
  4754  1
  4755  1
  4756  1
  4757  1
  4758  1
  4759  1
  4760  1
  4761  1
  4762  1
  4763  1
  4764  1
  4765  1
  4766  1
  4767  1
  4768  1
  4769  1
  4770  1
  4771  1
  4772  1
  4773  1
  4774  1
  4775  1
  4776  1
  4777  1
  4778  1
  4779  1
  4780  1
  4781  1
  4782  1
  4783  1
  4784  1
  4785  1
  4786  1
  4787  1
  4788  1
  4789  1
  4790  1
  4791  1
  4792  1
  4793  1
  4794  1
  4795  1
  4796  1
  4797  1
  6020  1
  6021  1
  6022  1
  6023  1
  6024  1
  6025  1
  6026  1
  6027  1
  6028  1
  6029  1
  6030  1
  6031  1
  6032  1
  6033  1
  6034  1
  6035  1
  6036  1
  6037  1
  6038  1
  6039  1
  6040  1
  6041  1
  6042  1
  6043  1
  6044  1
  6045  1
  6046  1
  6047  1
  6048  1
  6049  1
  6050  1
  6051  1
  6052  1
  6053  1
  6054  1
  6350  1
  6351  1
  6352  1
  6353  1
  6354  1
  6355  1
  6356  1
  6357  1
  6358  1
  6359  1
  6360  1
  6361  1
  6362  1
  6363  1
  6364  1
  6365  1
  6366  1
  6367  1
  6368  1
  6369  1
  6370  1
  6371  1
  6372  1
  6373  1
  6374  1
  6375  1
  6376  1
  6377  1
  6378  1
  6379  1
  6380  1
  6381  1
  6382  1
  6383  1
  6384  1
  6385  1
  6386  1
  6387  1
  6388  1
  6389  1
  6390  1
  6391  1
  6392  1
  6393  1
  6394  1
  6395  1
  6396  1
  6397  1
  6398  1
  6399  1
  6400  1
  6401  1
  6402  1
  6403  1
  6404  1
  6405  1
  6406  1
  6407  1
  6408  1
  6409  1
  6410  1
  6411  1
  6412  1
  6413  1
  6414  1
  6415  1
  6416  1
  6417  1
  6418  1
  6419  1
  7054  1
  7055  1
  7056  1
  7057  1
  7058  1
  7059  1
  7060  1
  7061  1
  7062  1
  7063  1
  7064  1
  7065  1
  7066  1
  7067  1
  7068  1
  7069  1
  7070  1
  7071  1
  7072  1
  7073  1
  7074  1
  7075  1
  7076  1
  7077  1
  7078  1
  7079  1
  7080  1
  7081  1
  7082  1
  7083  1
  7084  1
  7085  1
  7086  1
  7087  1
  7088  1
  7089  1
  7090  1
  7091  1
  7092  1
  7093  1
  7094  1
  7095  1
  7096  1
  7097  1
  7098  1
  7099  1
  7100  1
  7101  1
  7102  1
  7103  1
  7104  1
  7105  1
  7106  1
  7107  1
  7108  1
  7109  1
  7110  1
  7111  1
  7112  1
  7113  1
  7114  1
  7115  1
  7116  1
  7117  1
  7118  1
  7119  1
  7120  1
  7121  1
  7122  1
  7123  1
  7194  1
  7195  1
  7196  1
  7197  1
  7198  1
  7199  1
  7200  1
  7201  1
  7202  1
  7203  1
  7204  1
  7205  1
  7206  1
  7207  1
  7208  1
  7209  1
  7210  1
  7211  1
  7212  1
  7213  1
  7214  1
  7215  1
  7216  1
  7217  1
  7218  1
  7219  1
  7220  1
  7221  1
  7222  1
  7223  1
  7224  1
  7225  1
  7226  1
  7227  1
  7228  1
  7229  1
  7230  1
  7231  1
  7232  1
  7233  1
  7234  1
  7235  1
  7236  1
  7237  1
  7238  1
  7239  1
  7240  1
  7241  1
  7242  1
  7243  1
  7244  1
  7245  1
  7246  1
  7247  1
  7248  1
  7249  1
  7250  1
  7251  1
  7252  1
  7253  1
  7254  1
  7255  1
  7256  1
  7257  1
  7258  1
  7259  1
  7260  1
  7261  1
  7262  1
  7263  1
  8392  1
  8393  1
  8394  1
  8395  1
  8396  1
  8397  1
  8398  1
  8399  1
  8400  1
  8401  1
  8402  1
  8403  1
  8404  1
  8405  1
  8406  1
  8407  1
  8408  1
  8409  1
  8410  1
  8411  1
  8412  1
  8413  1
  8414  1
  8415  1
  8416  1
  8417  1
  8418  1
  8419  1
  8420  1
  8421  1
  8422  1
  8423  1
  8424  1
  8425  1
  8426  1
  8427  1
  8428  1
  8429  1
  8430  1
  8431  1
  8432  1
  8433  1
  8434  1
  8435  1
  8436  1
  8437  1
  8438  1
  8439  1
  8440  1
  8441  1
  8442  1
  8443  1
  8444  1
  8445  1
  8446  1
  8447  1
  8448  1
  8449  1
  8450  1
  8451  1
  8452  1
  8453  1
  8454  1
  8455  1
  8456  1
  8457  1
  8458  1
  8459  1
  8460  1
  8461  1
  8827  1
  8828  1
  8829  1
  8830  1
  8831  1
  8832  1
  8833  1
  8834  1
  8835  1
  8836  1
  8837  1
  8838  1
  8839  1
  8840  1
  8841  1
  8842  1
  8843  1
  8844  1
  8845  1
  8846  1
  8847  1
  8848  1
  8849  1
  8850  1
  8851  1
  8852  1
  8853  1
  8854  1
  8855  1
  8856  1
  8857  1
  8858  1
  8859  1
  8860  1
  8861  1
  9649  1
  9650  1
  9651  1
  9652  1
  9653  1
  9654  1
  9655  1
  9656  1
  9657  1
  9658  1
  9659  1
  9660  1
  9661  1
  9662  1
  9663  1
  9664  1
  9665  1
  9666  1
  9667  1
  9668  1
  9669  1
  9670  1
  9671  1
  9672  1
  9673  1
  9674  1
  9675  1
  9676  1
  9677  1
  9678  1
  9679  1
  9680  1
  9681  1
  9682  1
  9683  1
  9684  1
  9685  1
  9686  1
  9687  1
  9688  1
  9689  1
  9690  1
  9691  1
  9692  1
  9693  1
  9694  1
  9695  1
  9696  1
  9697  1
  9698  1
  9699  1
  9700  1
  9701  1
  9702  1
  9703  1
  9704  1
  9705  1
  9706  1
  9707  1
  9708  1
  9709  1
  9710  1
  9711  1
  9712  1
  9713  1
  9714  1
  9715  1
  9716  1
  9717  1
  9718  1
  9719  1
  9720  1
  9721  1
  9722  1
  9723  1
  9724  1
  9725  1
  9726  1
  9727  1
  9728  1
  9729  1
  9730  1
  9731  1
  9732  1
  9733  1
  9734  1
  9735  1
  9736  1
  9737  1
  9738  1
  9739  1
  9740  1
  9741  1
  9742  1
  9743  1
  9744  1
  9745  1
  9746  1
  9747  1
  9748  1
  9749  1
  9750  1
  9751  1
  9752  1
  9753  1
  10095  1
  10096  1
  10097  1
  10098  1
  10099  1
  10100  1
  10101  1
  10102  1
  10103  1
  10104  1
  10105  1
  10106  1
  10107  1
  10108  1
  10109  1
  10110  1
  10111  1
  10112  1
  10113  1
  10114  1
  10115  1
  10116  1
  10117  1
  10118  1
  10119  1
  10120  1
  10121  1
  10122  1
  10123  1
  10124  1
  10125  1
  10126  1
  10127  1
  10128  1
  10129  1
  10165  1
  10166  1
  10167  1
  10168  1
  10169  1
  10170  1
  10171  1
  10172  1
  10173  1
  10174  1
  10175  1
  10176  1
  10177  1
  10178  1
  10179  1
  10180  1
  10181  1
  10182  1
  10183  1
  10184  1
  10185  1
  10186  1
  10187  1
  10188  1
  10189  1
  10190  1
  10191  1
  10192  1
  10193  1
  10194  1
  10195  1
  10196  1
  10197  1
  10198  1
  10199  1
  10200  1
  10201  1
  10202  1
  10203  1
  10204  1
  10205  1
  10206  1
  10207  1
  10208  1
  10209  1
  10210  1
  10211  1
  10212  1
  10213  1
  10214  1
  10215  1
  10216  1
  10217  1
  10218  1
  10219  1
  10220  1
  10221  1
  10222  1
  10223  1
  10224  1
  10225  1
  10226  1
  10227  1
  10228  1
  10229  1
  10230  1
  10231  1
  10232  1
  10233  1
  10234  1
  11492  1
  11493  1
  11494  1
  11495  1
  11496  1
  11497  1
  11498  1
  11499  1
  11500  1
  11501  1
  11502  1
  11503  1
  11504  1
  11505  1
  11506  1
  11507  1
  11508  1
  11509  1
  11510  1
  11511  1
  11512  1
  11513  1
  11514  1
  11515  1
  11516  1
  11517  1
  11518  1
  11519  1
  11520  1
  11521  1
  11522  1
  11523  1
  11524  1
  11525  1
  11526  1
  11927  1
  11928  1
  11929  1
  11930  1
  11931  1
  11932  1
  11933  1
  11934  1
  11935  1
  11936  1
  11937  1
  11938  1
  11939  1
  11940  1
  11941  1
  11942  1
  11943  1
  11944  1
  11945  1
  11946  1
  11947  1
  11948  1
  11949  1
  11950  1
  11951  1
  11952  1
  11953  1
  11954  1
  11955  1
  11956  1
  11957  1
  11958  1
  11959  1
  11960  1
  11961  1
  11962  1
  11963  1
  11964  1
  11965  1
  11966  1
  11967  1
  11968  1
  11969  1
  11970  1
  11971  1
  11972  1
  11973  1
  11974  1
  11975  1
  11976  1
  11977  1
  11978  1
  11979  1
  11980  1
  11981  1
  11982  1
  11983  1
  11984  1
  11985  1
  11986  1
  11987  1
  11988  1
  11989  1
  11990  1
  11991  1
  11992  1
  11993  1
  11994  1
  11995  1
  11996  1
  12491  1
  12492  1
  12493  1
  12494  1
  12495  1
  12496  1
  12497  1
  12498  1
  12499  1
  12500  1
  12501  1
  12502  1
  12503  1
  12504  1
  12505  1
  12506  1
  12507  1
  12508  1
  12509  1
  12510  1
  12511  1
  12512  1
  12513  1
  12514  1
  12515  1
  12516  1
  12517  1
  12518  1
  12519  1
  12520  1
  12521  1
  12522  1
  12523  1
  12524  1
  12525  1
  12526  1
  12527  1
  12528  1
  12529  1
  12530  1
  12531  1
  12532  1
  12533  1
  12534  1
  12535  1
  12536  1
  12537  1
  12538  1
  12539  1
  12540  1
  12541  1
  12542  1
  12543  1
  12544  1
  12545  1
  12546  1
  12547  1
  12548  1
  12549  1
  12550  1
  12551  1
  12552  1
  12553  1
  12554  1
  12555  1
  12556  1
  12557  1
  12558  1
  12559  1
  12560  1
  12631  1
  12632  1
  12633  1
  12634  1
  12635  1
  12636  1
  12637  1
  12638  1
  12639  1
  12640  1
  12641  1
  12642  1
  12643  1
  12644  1
  12645  1
  12646  1
  12647  1
  12648  1
  12649  1
  12650  1
  12651  1
  12652  1
  12653  1
  12654  1
  12655  1
  12656  1
  12657  1
  12658  1
  12659  1
  12660  1
  12661  1
  12662  1
  12663  1
  12664  1
  12665  1
  12666  1
  12667  1
  12668  1
  12669  1
  12670  1
  12671  1
  12672  1
  12673  1
  12674  1
  12675  1
  12676  1
  12677  1
  12678  1
  12679  1
  12680  1
  12681  1
  12682  1
  12683  1
  12684  1
  12685  1
  12686  1
  12687  1
  12688  1
  12689  1
  12690  1
  12691  1
  12692  1
  12693  1
  12694  1
  12695  1
  12696  1
  12697  1
  12698  1
  12699  1
  12700  1
  13969  1
  13970  1
  13971  1
  13972  1
  13973  1
  13974  1
  13975  1
  13976  1
  13977  1
  13978  1
  13979  1
  13980  1
  13981  1
  13982  1
  13983  1
  13984  1
  13985  1
  13986  1
  13987  1
  13988  1
  13989  1
  13990  1
  13991  1
  13992  1
  13993  1
  13994  1
  13995  1
  13996  1
  13997  1
  13998  1
  13999  1
  14000  1
  14001  1
  14002  1
  14003  1
  14004  1
  14005  1
  14006  1
  14007  1
  14008  1
  14009  1
  14010  1
  14011  1
  14012  1
  14013  1
  14014  1
  14015  1
  14016  1
  14017  1
  14018  1
  14019  1
  14020  1
  14021  1
  14022  1
  14023  1
  14024  1
  14025  1
  14026  1
  14027  1
  14028  1
  14029  1
  14030  1
  14031  1
  14032  1
  14033  1
  14034  1
  14035  1
  14036  1
  14037  1
  14038  1
  14463  1
  14464  1
  14465  1
  14466  1
  14467  1
  14468  1
  14469  1
  14470  1
  14471  1
  14472  1
  14473  1
  14474  1
  14475  1
  14476  1
  14477  1
  14478  1
  14479  1
  14480  1
  14481  1
  14482  1
  14483  1
  14484  1
  14485  1
  14486  1
  14487  1
  14488  1
  14489  1
  14490  1
  14491  1
  14492  1
  14493  1
  14494  1
  14495  1
  14496  1
  14497  1
  14498  1
  14499  1
  14500  1
  14501  1
  14502  1
  14503  1
  14504  1
  14505  1
  14506  1
  14507  1
  14508  1
  14509  1
  14510  1
  14511  1
  14512  1
  14513  1
  14514  1
  14515  1
  14516  1
  14517  1
  14518  1
  14519  1
  14520  1
  14521  1
  14522  1
  14523  1
  14524  1
  14525  1
  14526  1
  14527  1
  14528  1
  14529  1
  14530  1
  14531  1
  14532  1
  15167  1
  15168  1
  15169  1
  15170  1
  15171  1
  15172  1
  15173  1
  15174  1
  15175  1
  15176  1
  15177  1
  15178  1
  15179  1
  15180  1
  15181  1
  15182  1
  15183  1
  15184  1
  15185  1
  15186  1
  15187  1
  15188  1
  15189  1
  15190  1
  15191  1
  15192  1
  15193  1
  15194  1
  15195  1
  15196  1
  15197  1
  15198  1
  15199  1
  15200  1
  15201  1
  15202  1
  15203  1
  15204  1
  15205  1
  15206  1
  15207  1
  15208  1
  15209  1
  15210  1
  15211  1
  15212  1
  15213  1
  15214  1
  15215  1
  15216  1
  15217  1
  15218  1
  15219  1
  15220  1
  15221  1
  15222  1
  15223  1
  15224  1
  15225  1
  15226  1
  15227  1
  15228  1
  15229  1
  15230  1
  15231  1
  15232  1
  15233  1
  15234  1
  15235  1
  15236  1
  15661  1
  15662  1
  15663  1
  15664  1
  15665  1
  15666  1
  15667  1
  15668  1
  15669  1
  15670  1
  15671  1
  15672  1
  15673  1
  15674  1
  15675  1
  15676  1
  15677  1
  15678  1
  15679  1
  15680  1
  15681  1
  15682  1
  15683  1
  15684  1
  15685  1
  15686  1
  15687  1
  15688  1
  15689  1
  15690  1
  15691  1
  15692  1
  15693  1
  15694  1
  15695  1
  15696  1
  15697  1
  15698  1
  15699  1
  15700  1
  15701  1
  15702  1
  15703  1
  15704  1
  15705  1
  15706  1
  15707  1
  15708  1
  15709  1
  15710  1
  15711  1
  15712  1
  15713  1
  15714  1
  15715  1
  15716  1
  15717  1
  15718  1
  15719  1
  15720  1
  15721  1
  15722  1
  15723  1
  15724  1
  15725  1
  15726  1
  15727  1
  15728  1
  15729  1
  15730  1
  16553  1
  16554  1
  16555  1
  16556  1
  16557  1
  16558  1
  16559  1
  16560  1
  16561  1
  16562  1
  16563  1
  16564  1
  16565  1
  16566  1
  16567  1
  16568  1
  16569  1
  16570  1
  16571  1
  16572  1
  16573  1
  16574  1
  16575  1
  16576  1
  16577  1
  16578  1
  16579  1
  16580  1
  16581  1
  16582  1
  16583  1
  16584  1
  16585  1
  16586  1
  16587  1
  16588  1
  16589  1
  16590  1
  16591  1
  16592  1
  16593  1
  16594  1
  16595  1
  16596  1
  16597  1
  16598  1
  16599  1
  16600  1
  16601  1
  16602  1
  16603  1
  16604  1
  16605  1
  16606  1
  16607  1
  16608  1
  16609  1
  16610  1
  16611  1
  16612  1
  16613  1
  16614  1
  16615  1
  16616  1
  16617  1
  16618  1
  16619  1
  16620  1
  16621  1
  16622  1
  16623  1
  16624  1
  16625  1
  16626  1
  16627  1
  16628  1
  16629  1
  16630  1
  16631  1
  16632  1
  16633  1
  16634  1
  16635  1
  16636  1
  16637  1
  16638  1
  16639  1
  16640  1
  16641  1
  16642  1
  16643  1
  16644  1
  16645  1
  16646  1
  16647  1
  16648  1
  16649  1
  16650  1
  16651  1
  16652  1
  16653  1
  16654  1
  16655  1
  16656  1
  16657  1
  16881  1
  16882  1
  16883  1
  16884  1
  16885  1
  16886  1
  16887  1
  16888  1
  16889  1
  16890  1
  16891  1
  16892  1
  16893  1
  16894  1
  16895  1
  16896  1
  16897  1
  16898  1
  16899  1
  16900  1
  16901  1
  16902  1
  16903  1
  16904  1
  16905  1
  16906  1
  16907  1
  16908  1
  16909  1
  16910  1
  16911  1
  16912  1
  16913  1
  16914  1
  16915  1
  16916  1
  16917  1
  16918  1
  16919  1
  16920  1
  16921  1
  16922  1
  16923  1
  16924  1
  16925  1
  16926  1
  16927  1
  16928  1
  16929  1
  16930  1
  16931  1
  16932  1
  16933  1
  16934  1
  16935  1
  16936  1
  16937  1
  16938  1
  16939  1
  16940  1
  16941  1
  16942  1
  16943  1
  16944  1
  16945  1
  16946  1
  16947  1
  16948  1
  16949  1
  16950  1
  17692  1
  17693  1
  17694  1
  17695  1
  17696  1
  17697  1
  17698  1
  17699  1
  17700  1
  17701  1
  17702  1
  17703  1
  17704  1
  17705  1
  17706  1
  17707  1
  17708  1
  17709  1
  17710  1
  17711  1
  17712  1
  17713  1
  17714  1
  17715  1
  17716  1
  17717  1
  17718  1
  17719  1
  17720  1
  17721  1
  17722  1
  17723  1
  17724  1
  17725  1
  17726  1
  18643  1
  18644  1
  18645  1
  18646  1
  18647  1
  18648  1
  18649  1
  18650  1
  18651  1
  18652  1
  18653  1
  18654  1
  18655  1
  18656  1
  18657  1
  18658  1
  18659  1
  18660  1
  18661  1
  18662  1
  18663  1
  18664  1
  18665  1
  18666  1
  18667  1
  18668  1
  18669  1
  18670  1
  18671  1
  18672  1
  18673  1
  18674  1
  18675  1
  18676  1
  18677  1
  18678  1
  18679  1
  18680  1
  18681  1
  18682  1
  18683  1
  18684  1
  18685  1
  18686  1
  18687  1
  18688  1
  18689  1
  18690  1
  18691  1
  18692  1
  18693  1
  18694  1
  18695  1
  18696  1
  18697  1
  18698  1
  18699  1
  18700  1
  18701  1
  18702  1
  18703  1
  18704  1
  18705  1
  18706  1
  18707  1
  18708  1
  18709  1
  18710  1
  18711  1
  18712  1
  19041  1
  19042  1
  19043  1
  19044  1
  19045  1
  19046  1
  19047  1
  19048  1
  19049  1
  19050  1
  19051  1
  19052  1
  19053  1
  19054  1
  19055  1
  19056  1
  19057  1
  19058  1
  19059  1
  19060  1
  19061  1
  19062  1
  19063  1
  19064  1
  19065  1
  19066  1
  19067  1
  19068  1
  19069  1
  19070  1
  19071  1
  19072  1
  19073  1
  19074  1
  19075  1
  19076  1
  19077  1
  19078  1
  19079  1
  19080  1
  19081  1
  19082  1
  19083  1
  19084  1
  19085  1
  19086  1
  19087  1
  19088  1
  19089  1
  19090  1
  19091  1
  19092  1
  19093  1
  19094  1
  19095  1
  19096  1
  19097  1
  19098  1
  19099  1
  19100  1
  19101  1
  19102  1
  19103  1
  19104  1
  19105  1
  19106  1
  19107  1
  19108  1
  19109  1
  19110  1
  19664  1
  19665  1
  19666  1
  19667  1
  19668  1
  19669  1
  19670  1
  19671  1
  19672  1
  19673  1
  19674  1
  19675  1
  19676  1
  19677  1
  19678  1
  19679  1
  19680  1
  19681  1
  19682  1
  19683  1
  19684  1
  19685  1
  19686  1
  19687  1
  19688  1
  19689  1
  19690  1
  19691  1
  19692  1
  19693  1
  19694  1
  19695  1
  19696  1
  19697  1
  19698  1
  19699  1
  19700  1
  19701  1
  19702  1
  19703  1
  19704  1
  19705  1
  19706  1
  19707  1
  19708  1
  19709  1
  19710  1
  19711  1
  19712  1
  19713  1
  19714  1
  19715  1
  19716  1
  19717  1
  19718  1
  19719  1
  19720  1
  19721  1
  19722  1
  19723  1
  19724  1
  19725  1
  19726  1
  19727  1
  19728  1
  19729  1
  19730  1
  19731  1
  19732  1
  19733  1
  20158  1
  20159  1
  20160  1
  20161  1
  20162  1
  20163  1
  20164  1
  20165  1
  20166  1
  20167  1
  20168  1
  20169  1
  20170  1
  20171  1
  20172  1
  20173  1
  20174  1
  20175  1
  20176  1
  20177  1
  20178  1
  20179  1
  20180  1
  20181  1
  20182  1
  20183  1
  20184  1
  20185  1
  20186  1
  20187  1
  20188  1
  20189  1
  20190  1
  20191  1
  20192  1
  20193  1
  20194  1
  20195  1
  20196  1
  20197  1
  20198  1
  20199  1
  20200  1
  20201  1
  20202  1
  20203  1
  20204  1
  20205  1
  20206  1
  20207  1
  20208  1
  20209  1
  20210  1
  20211  1
  20212  1
  20213  1
  20214  1
  20215  1
  20216  1
  20217  1
  20218  1
  20219  1
  20220  1
  20221  1
  20222  1
  20223  1
  20224  1
  20225  1
  20226  1
  20227  1
  21179  1
  21180  1
  21181  1
  21182  1
  21183  1
  21184  1
  21185  1
  21186  1
  21187  1
  21188  1
  21189  1
  21190  1
  21191  1
  21192  1
  21193  1
  21194  1
  21195  1
  21196  1
  21197  1
  21198  1
  21199  1
  21200  1
  21201  1
  21202  1
  21203  1
  21204  1
  21205  1
  21206  1
  21207  1
  21208  1
  21209  1
  21210  1
  21211  1
  21212  1
  21213  1
  21214  1
  21215  1
  21216  1
  21217  1
  21218  1
  21219  1
  21220  1
  21221  1
  21222  1
  21223  1
  21224  1
  21225  1
  21226  1
  21227  1
  21228  1
  21229  1
  21230  1
  21231  1
  21232  1
  21233  1
  21234  1
  21235  1
  21236  1
  21237  1
  21238  1
  21239  1
  21240  1
  21241  1
  21242  1
  21243  1
  21244  1
  21245  1
  21246  1
  21247  1
  21248  1
  21319  1
  21320  1
  21321  1
  21322  1
  21323  1
  21324  1
  21325  1
  21326  1
  21327  1
  21328  1
  21329  1
  21330  1
  21331  1
  21332  1
  21333  1
  21334  1
  21335  1
  21336  1
  21337  1
  21338  1
  21339  1
  21340  1
  21341  1
  21342  1
  21343  1
  21344  1
  21345  1
  21346  1
  21347  1
  21348  1
  21349  1
  21350  1
  21351  1
  21352  1
  21353  1
  21354  1
  21355  1
  21356  1
  21357  1
  21358  1
  21359  1
  21360  1
  21361  1
  21362  1
  21363  1
  21364  1
  21365  1
  21366  1
  21367  1
  21368  1
  21369  1
  21370  1
  21371  1
  21372  1
  21373  1
  21374  1
  21375  1
  21376  1
  21377  1
  21378  1
  21379  1
  21380  1
  21381  1
  21382  1
  21383  1
  21384  1
  21385  1
  21386  1
  21387  1
  21388  1
  21824  1
  21825  1
  21826  1
  21827  1
  21828  1
  21829  1
  21830  1
  21831  1
  21832  1
  21833  1
  21834  1
  21835  1
  21836  1
  21837  1
  21838  1
  21839  1
  21840  1
  21841  1
  21842  1
  21843  1
  21844  1
  21845  1
  21846  1
  21847  1
  21848  1
  21849  1
  21850  1
  21851  1
  21852  1
  21853  1
  21854  1
  21855  1
  21856  1
  21857  1
  21858  1
  21859  1
  21860  1
  21861  1
  21862  1
  21863  1
  21864  1
  21865  1
  21866  1
  21867  1
  21868  1
  21869  1
  21870  1
  21871  1
  21872  1
  21873  1
  21874  1
  21875  1
  21876  1
  21877  1
  21878  1
  21879  1
  21880  1
  21881  1
  21882  1
  21883  1
  21884  1
  21885  1
  21886  1
  21887  1
  21888  1
  21889  1
  21890  1
  21891  1
  21892  1
  21893  1
  22694  1
  22695  1
  22696  1
  22697  1
  22698  1
  22699  1
  22700  1
  22701  1
  22702  1
  22703  1
  22704  1
  22705  1
  22706  1
  22707  1
  22708  1
  22709  1
  22710  1
  22711  1
  22712  1
  22713  1
  22714  1
  22715  1
  22716  1
  22717  1
  22718  1
  22719  1
  22720  1
  22721  1
  22722  1
  22723  1
  22724  1
  22725  1
  22726  1
  22727  1
  22728  1
  22729  1
  22730  1
  22731  1
  22732  1
  22733  1
  22734  1
  22735  1
  22736  1
  22737  1
  22738  1
  22739  1
  22740  1
  22741  1
  22742  1
  22743  1
  22744  1
  22745  1
  22746  1
  22747  1
  22748  1
  22749  1
  22750  1
  22751  1
  22752  1
  22753  1
  22754  1
  22755  1
  22756  1
  22757  1
  22758  1
  22759  1
  22760  1
  22761  1
  22762  1
  22763  1
  23715  1
  23716  1
  23717  1
  23718  1
  23719  1
  23720  1
  23721  1
  23722  1
  23723  1
  23724  1
  23725  1
  23726  1
  23727  1
  23728  1
  23729  1
  23730  1
  23731  1
  23732  1
  23733  1
  23734  1
  23735  1
  23736  1
  23737  1
  23738  1
  23739  1
  23740  1
  23741  1
  23742  1
  23743  1
  23744  1
  23745  1
  23746  1
  23747  1
  23748  1
  23749  1
  23750  1
  23751  1
  23752  1
  23753  1
  23754  1
  23755  1
  23756  1
  23757  1
  23758  1
  23759  1
  23760  1
  23761  1
  23762  1
  23763  1
  23764  1
  23765  1
  23766  1
  23767  1
  23768  1
  23769  1
  23770  1
  23771  1
  23772  1
  23773  1
  23774  1
  23775  1
  23776  1
  23777  1
  23778  1
  23779  1
  23780  1
  23781  1
  23782  1
  23783  1
  23784  1
  24113  1
  24114  1
  24115  1
  24116  1
  24117  1
  24118  1
  24119  1
  24120  1
  24121  1
  24122  1
  24123  1
  24124  1
  24125  1
  24126  1
  24127  1
  24128  1
  24129  1
  24130  1
  24131  1
  24132  1
  24133  1
  24134  1
  24135  1
  24136  1
  24137  1
  24138  1
  24139  1
  24140  1
  24141  1
  24142  1
  24143  1
  24144  1
  24145  1
  24146  1
  24147  1
  24148  1
  24149  1
  24150  1
  24151  1
  24152  1
  24153  1
  24154  1
  24155  1
  24156  1
  24157  1
  24158  1
  24159  1
  24160  1
  24161  1
  24162  1
  24163  1
  24164  1
  24165  1
  24166  1
  24167  1
  24168  1
  24169  1
  24170  1
  24171  1
  24172  1
  24173  1
  24174  1
  24175  1
  24176  1
  24177  1
  24178  1
  24179  1
  24180  1
  24181  1
  24182  1
  24736  1
  24737  1
  24738  1
  24739  1
  24740  1
  24741  1
  24742  1
  24743  1
  24744  1
  24745  1
  24746  1
  24747  1
  24748  1
  24749  1
  24750  1
  24751  1
  24752  1
  24753  1
  24754  1
  24755  1
  24756  1
  24757  1
  24758  1
  24759  1
  24760  1
  24761  1
  24762  1
  24763  1
  24764  1
  24765  1
  24766  1
  24767  1
  24768  1
  24769  1
  24770  1
  24771  1
  24772  1
  24773  1
  24774  1
  24775  1
  24776  1
  24777  1
  24778  1
  24779  1
  24780  1
  24781  1
  24782  1
  24783  1
  24784  1
  24785  1
  24786  1
  24787  1
  24788  1
  24789  1
  24790  1
  24791  1
  24792  1
  24793  1
  24794  1
  24795  1
  24796  1
  24797  1
  24798  1
  24799  1
  24800  1
  24801  1
  24802  1
  24803  1
  24804  1
  24805  1
  25230  1
  25231  1
  25232  1
  25233  1
  25234  1
  25235  1
  25236  1
  25237  1
  25238  1
  25239  1
  25240  1
  25241  1
  25242  1
  25243  1
  25244  1
  25245  1
  25246  1
  25247  1
  25248  1
  25249  1
  25250  1
  25251  1
  25252  1
  25253  1
  25254  1
  25255  1
  25256  1
  25257  1
  25258  1
  25259  1
  25260  1
  25261  1
  25262  1
  25263  1
  25264  1
  25265  1
  25266  1
  25267  1
  25268  1
  25269  1
  25270  1
  25271  1
  25272  1
  25273  1
  25274  1
  25275  1
  25276  1
  25277  1
  25278  1
  25279  1
  25280  1
  25281  1
  25282  1
  25283  1
  25284  1
  25285  1
  25286  1
  25287  1
  25288  1
  25289  1
  25290  1
  25291  1
  25292  1
  25293  1
  25294  1
  25295  1
  25296  1
  25297  1
  25298  1
  25299  1
  26251  1
  26252  1
  26253  1
  26254  1
  26255  1
  26256  1
  26257  1
  26258  1
  26259  1
  26260  1
  26261  1
  26262  1
  26263  1
  26264  1
  26265  1
  26266  1
  26267  1
  26268  1
  26269  1
  26270  1
  26271  1
  26272  1
  26273  1
  26274  1
  26275  1
  26276  1
  26277  1
  26278  1
  26279  1
  26280  1
  26281  1
  26282  1
  26283  1
  26284  1
  26285  1
  26286  1
  26287  1
  26288  1
  26289  1
  26290  1
  26291  1
  26292  1
  26293  1
  26294  1
  26295  1
  26296  1
  26297  1
  26298  1
  26299  1
  26300  1
  26301  1
  26302  1
  26303  1
  26304  1
  26305  1
  26306  1
  26307  1
  26308  1
  26309  1
  26310  1
  26311  1
  26312  1
  26313  1
  26314  1
  26315  1
  26316  1
  26317  1
  26318  1
  26319  1
  26320  1
  26391  1
  26392  1
  26393  1
  26394  1
  26395  1
  26396  1
  26397  1
  26398  1
  26399  1
  26400  1
  26401  1
  26402  1
  26403  1
  26404  1
  26405  1
  26406  1
  26407  1
  26408  1
  26409  1
  26410  1
  26411  1
  26412  1
  26413  1
  26414  1
  26415  1
  26416  1
  26417  1
  26418  1
  26419  1
  26420  1
  26421  1
  26422  1
  26423  1
  26424  1
  26425  1
  26426  1
  26427  1
  26428  1
  26429  1
  26430  1
  26431  1
  26432  1
  26433  1
  26434  1
  26435  1
  26436  1
  26437  1
  26438  1
  26439  1
  26440  1
  26441  1
  26442  1
  26443  1
  26444  1
  26445  1
  26446  1
  26447  1
  26448  1
  26449  1
  26450  1
  26451  1
  26452  1
  26453  1
  26454  1
  26455  1
  26456  1
  26457  1
  26458  1
  26459  1
  26460  1
  26896  1
  26897  1
  26898  1
  26899  1
  26900  1
  26901  1
  26902  1
  26903  1
  26904  1
  26905  1
  26906  1
  26907  1
  26908  1
  26909  1
  26910  1
  26911  1
  26912  1
  26913  1
  26914  1
  26915  1
  26916  1
  26917  1
  26918  1
  26919  1
  26920  1
  26921  1
  26922  1
  26923  1
  26924  1
  26925  1
  26926  1
  26927  1
  26928  1
  26929  1
  26930  1
  27331  1
  27332  1
  27333  1
  27334  1
  27335  1
  27336  1
  27337  1
  27338  1
  27339  1
  27340  1
  27341  1
  27342  1
  27343  1
  27344  1
  27345  1
  27346  1
  27347  1
  27348  1
  27349  1
  27350  1
  27351  1
  27352  1
  27353  1
  27354  1
  27355  1
  27356  1
  27357  1
  27358  1
  27359  1
  27360  1
  27361  1
  27362  1
  27363  1
  27364  1
  27365  1
  27366  1
  27367  1
  27368  1
  27369  1
  27370  1
  27371  1
  27372  1
  27373  1
  27374  1
  27375  1
  27376  1
  27377  1
  27378  1
  27379  1
  27380  1
  27381  1
  27382  1
  27383  1
  27384  1
  27385  1
  27386  1
  27387  1
  27388  1
  27389  1
  27390  1
  27391  1
  27392  1
  27393  1
  27394  1
  27395  1
  27396  1
  27397  1
  27398  1
  27399  1
  27400  1
  28000  1
  28001  1
  28002  1
  28003  1
  28004  1
  28005  1
  28006  1
  28007  1
  28008  1
  28009  1
  28010  1
  28011  1
  28012  1
  28013  1
  28014  1
  28015  1
  28016  1
  28017  1
  28018  1
  28019  1
  28020  1
  28021  1
  28022  1
  28023  1
  28024  1
  28025  1
  28026  1
  28027  1
  28028  1
  28029  1
  28030  1
  28031  1
  28032  1
  28033  1
  28034  1
  28352  1
  28353  1
  28354  1
  28355  1
  28356  1
  28357  1
  28358  1
  28359  1
  28360  1
  28361  1
  28362  1
  28363  1
  28364  1
  28365  1
  28366  1
  28367  1
  28368  1
  28369  1
  28370  1
  28371  1
  28372  1
  28373  1
  28374  1
  28375  1
  28376  1
  28377  1
  28378  1
  28379  1
  28380  1
  28381  1
  28382  1
  28383  1
  28384  1
  28385  1
  28386  1
  28540  1
  28541  1
  28542  1
  28543  1
  28544  1
  28545  1
  28546  1
  28547  1
  28548  1
  28549  1
  28550  1
  28551  1
  28552  1
  28553  1
  28554  1
  28555  1
  28556  1
  28557  1
  28558  1
  28559  1
  28560  1
  28561  1
  28562  1
  28563  1
  28564  1
  28565  1
  28566  1
  28567  1
  28568  1
  28569  1
  28570  1
  28571  1
  28572  1
  28573  1
  28574  1
  28798  1
  28799  1
  28800  1
  28801  1
  28802  1
  28803  1
  28804  1
  28805  1
  28806  1
  28807  1
  28808  1
  28809  1
  28810  1
  28811  1
  28812  1
  28813  1
  28814  1
  28815  1
  28816  1
  28817  1
  28818  1
  28819  1
  28820  1
  28821  1
  28822  1
  28823  1
  28824  1
  28825  1
  28826  1
  28827  1
  28828  1
  28829  1
  28830  1
  28831  1
  28832  1
  28868  1
  28869  1
  28870  1
  28871  1
  28872  1
  28873  1
  28874  1
  28875  1
  28876  1
  28877  1
  28878  1
  28879  1
  28880  1
  28881  1
  28882  1
  28883  1
  28884  1
  28885  1
  28886  1
  28887  1
  28888  1
  28889  1
  28890  1
  28891  1
  28892  1
  28893  1
  28894  1
  28895  1
  28896  1
  28897  1
  28898  1
  28899  1
  28900  1
  28901  1
  28902  1
  29220  1
  29221  1
  29222  1
  29223  1
  29224  1
  29225  1
  29226  1
  29227  1
  29228  1
  29229  1
  29230  1
  29231  1
  29232  1
  29233  1
  29234  1
  29235  1
  29236  1
  29237  1
  29238  1
  29239  1
  29240  1
  29241  1
  29242  1
  29243  1
  29244  1
  29245  1
  29246  1
  29247  1
  29248  1
  29249  1
  29250  1
  29251  1
  29252  1
  29253  1
  29254  1
  29373  1
  29374  1
  29375  1
  29376  1
  29377  1
  29378  1
  29379  1
  29380  1
  29381  1
  29382  1
  29383  1
  29384  1
  29385  1
  29386  1
  29387  1
  29388  1
  29389  1
  29390  1
  29391  1
  29392  1
  29393  1
  29394  1
  29395  1
  29396  1
  29397  1
  29398  1
  29399  1
  29400  1
  29401  1
  29402  1
  29403  1
  29404  1
  29405  1
  29406  1
  29407  1
  29666  1
  29667  1
  29668  1
  29669  1
  29670  1
  29671  1
  29672  1
  29673  1
  29674  1
  29675  1
  29676  1
  29677  1
  29678  1
  29679  1
  29680  1
  29681  1
  29682  1
  29683  1
  29684  1
  29685  1
  29686  1
  29687  1
  29688  1
  29689  1
  29690  1
  29691  1
  29692  1
  29693  1
  29694  1
  29695  1
  29696  1
  29697  1
  29698  1
  29699  1
  29700  1
  29736  1
  29737  1
  29738  1
  29739  1
  29740  1
  29741  1
  29742  1
  29743  1
  29744  1
  29745  1
  29746  1
  29747  1
  29748  1
  29749  1
  29750  1
  29751  1
  29752  1
  29753  1
  29754  1
  29755  1
  29756  1
  29757  1
  29758  1
  29759  1
  29760  1
  29761  1
  29762  1
  29763  1
  29764  1
  29765  1
  29766  1
  29767  1
  29768  1
  29769  1
  29770  1
  30053  1
  30054  1
  30055  1
  30056  1
  30057  1
  30058  1
  30059  1
  30060  1
  30061  1
  30062  1
  30063  1
  30064  1
  30065  1
  30066  1
  30067  1
  30068  1
  30069  1
  30070  1
  30071  1
  30072  1
  30073  1
  30074  1
  30075  1
  30076  1
  30077  1
  30078  1
  30079  1
  30080  1
  30081  1
  30082  1
  30083  1
  30084  1
  30085  1
  30086  1
  30087  1
  30370  1
  30371  1
  30372  1
  30373  1
  30374  1
  30375  1
  30376  1
  30377  1
  30378  1
  30379  1
  30380  1
  30381  1
  30382  1
  30383  1
  30384  1
  30385  1
  30386  1
  30387  1
  30388  1
  30389  1
  30390  1
  30391  1
  30392  1
  30393  1
  30394  1
  30395  1
  30396  1
  30397  1
  30398  1
  30399  1
  30400  1
  30401  1
  30402  1
  30403  1
  30404  1
  30405  1
  30406  1
  30407  1
  30408  1
  30409  1
  30410  1
  30411  1
  30412  1
  30413  1
  30414  1
  30415  1
  30416  1
  30417  1
  30418  1
  30419  1
  30420  1
  30421  1
  30422  1
  30423  1
  30424  1
  30425  1
  30426  1
  30427  1
  30428  1
  30429  1
  30430  1
  30431  1
  30432  1
  30433  1
  30434  1
  30435  1
  30436  1
  30437  1
  30438  1
  30439  1
  30440  1
  30441  1
  30442  1
  30443  1
  30444  1
  30445  1
  30446  1
  30447  1
  30448  1
  30449  1
  30450  1
  30451  1
  30452  1
  30453  1
  30454  1
  30455  1
  30456  1
  30457  1
  30458  1
  30459  1
  30460  1
  30461  1
  30462  1
  30463  1
  30464  1
  30465  1
  30466  1
  30467  1
  30468  1
  30469  1
  30470  1
  30471  1
  30472  1
  30473  1
  30474  1
  31098  1
  31099  1
  31100  1
  31101  1
  31102  1
  31103  1
  31104  1
  31105  1
  31106  1
  31107  1
  31108  1
  31109  1
  31110  1
  31111  1
  31112  1
  31113  1
  31114  1
  31115  1
  31116  1
  31117  1
  31118  1
  31119  1
  31120  1
  31121  1
  31122  1
  31123  1
  31124  1
  31125  1
  31126  1
  31127  1
  31128  1
  31129  1
  31130  1
  31131  1
  31132  1
  2  2
  3  2
  6  2
  7  2
  23  2
  24  2
  27  2
  30  2
  33  2
  34  2
  44  2
  45  2
  48  2
  50  2
  52  2
  67  2
  70  2
  82  2
  83  2
  85  2
  86  2
  89  2
  92  2
  93  2
  96  2
  99  2
  100  2
  111  2
  114  2
  128  2
  129  2
  131  2
  132  2
  135  2
  138  2
  139  2
  142  2
  145  2
  146  2
  157  2
  160  2
  162  2
  164  2
  175  2
  187  2
  190  2
  193  2
  194  2
  195  2
  198  2
  200  2
  201  2
  203  2
  204  2
  217  2
  220  2
  233  2
  236  2
  239  2
  240  2
  241  2
  244  2
  246  2
  247  2
  249  2
  250  2
  265  2
  268  2
  269  2
  272  2
  275  2
  276  2
  289  2
  292  2
  294  2
  296  2
  307  2
  317  2
  320  2
  323  2
  324  2
  327  2
  330  2
  331  2
  334  2
  335  2
  338  2
  346  2
  347  2
  355  2
  358  2
  361  2
  362  2
  375  2
  378  2
  379  2
  382  2
  383  2
  386  2
  400  2
  401  2
  411  2
  414  2
  417  2
  418  2
  423  2
  426  2
  427  2
  430  2
  431  2
  434  2
  442  2
  443  2
  451  2
  454  2
  457  2
  458  2
  471  2
  474  2
  475  2
  478  2
  479  2
  482  2
  496  2
  497  2
  510  2
  511  2
  513  2
  516  2
  518  2
  521  2
  524  2
  526  2
  531  2
  537  2
  539  2
  545  2
  551  2
  553  2
  557  2
  567  2
  570  2
  572  2
  576  2
  1171  2
  1172  2
  1173  2
  1174  2
  1175  2
  1176  2
  1177  2
  1178  2
  1179  2
  1180  2
  1181  2
  1182  2
  1183  2
  1184  2
  1185  2
  1186  2
  1187  2
  1188  2
  1189  2
  1190  2
  1191  2
  1192  2
  1193  2
  1194  2
  1195  2
  1196  2
  1197  2
  1198  2
  1199  2
  1200  2
  1201  2
  1202  2
  1203  2
  1204  2
  1205  2
  1206  2
  1207  2
  1208  2
  1209  2
  1210  2
  1211  2
  1212  2
  1213  2
  1214  2
  1215  2
  1216  2
  1217  2
  1218  2
  1219  2
  1220  2
  1221  2
  1222  2
  1223  2
  1224  2
  1225  2
  1226  2
  1227  2
  1228  2
  1229  2
  1230  2
  1231  2
  1232  2
  1233  2
  1234  2
  1235  2
  1236  2
  1237  2
  1238  2
  1239  2
  1240  2
  2122  2
  2123  2
  2124  2
  2125  2
  2126  2
  2127  2
  2128  2
  2129  2
  2130  2
  2131  2
  2132  2
  2133  2
  2134  2
  2135  2
  2136  2
  2137  2
  2138  2
  2139  2
  2140  2
  2141  2
  2142  2
  2143  2
  2144  2
  2145  2
  2146  2
  2147  2
  2148  2
  2149  2
  2150  2
  2151  2
  2152  2
  2153  2
  2154  2
  2155  2
  2156  2
  2157  2
  2158  2
  2159  2
  2160  2
  2161  2
  2162  2
  2163  2
  2164  2
  2165  2
  2166  2
  2167  2
  2168  2
  2169  2
  2170  2
  2171  2
  2172  2
  2173  2
  2174  2
  2175  2
  2176  2
  2177  2
  2178  2
  2179  2
  2180  2
  2181  2
  2182  2
  2183  2
  2184  2
  2185  2
  2186  2
  2187  2
  2188  2
  2189  2
  2190  2
  2191  2
  2428  2
  2429  2
  2430  2
  2431  2
  2432  2
  2433  2
  2434  2
  2435  2
  2436  2
  2437  2
  2438  2
  2439  2
  2440  2
  2441  2
  2442  2
  2443  2
  2444  2
  2445  2
  2446  2
  2447  2
  2448  2
  2449  2
  2450  2
  2451  2
  2452  2
  2453  2
  2454  2
  2455  2
  2456  2
  2457  2
  2458  2
  2459  2
  2460  2
  2461  2
  2462  2
  2463  2
  2464  2
  2465  2
  2466  2
  2467  2
  2468  2
  2469  2
  2470  2
  2471  2
  2472  2
  2473  2
  2474  2
  2475  2
  2476  2
  2477  2
  2478  2
  2479  2
  2480  2
  2481  2
  2482  2
  2483  2
  2484  2
  2485  2
  2486  2
  2487  2
  2488  2
  2489  2
  2490  2
  2491  2
  2492  2
  2493  2
  2494  2
  2495  2
  2496  2
  2497  2
  3191  2
  3192  2
  3193  2
  3194  2
  3195  2
  3196  2
  3197  2
  3198  2
  3199  2
  3200  2
  3201  2
  3202  2
  3203  2
  3204  2
  3205  2
  3206  2
  3207  2
  3208  2
  3209  2
  3210  2
  3211  2
  3212  2
  3213  2
  3214  2
  3215  2
  3216  2
  3217  2
  3218  2
  3219  2
  3220  2
  3221  2
  3222  2
  3223  2
  3224  2
  3225  2
  3226  2
  3227  2
  3228  2
  3229  2
  3230  2
  3231  2
  3232  2
  3233  2
  3234  2
  3235  2
  3236  2
  3237  2
  3238  2
  3239  2
  3240  2
  3241  2
  3242  2
  3243  2
  3244  2
  3245  2
  3246  2
  3247  2
  3248  2
  3249  2
  3250  2
  3251  2
  3252  2
  3253  2
  3254  2
  3255  2
  3256  2
  3257  2
  3258  2
  3259  2
  3260  2
  3484  2
  3485  2
  3486  2
  3487  2
  3488  2
  3489  2
  3490  2
  3491  2
  3492  2
  3493  2
  3494  2
  3495  2
  3496  2
  3497  2
  3498  2
  3499  2
  3500  2
  3501  2
  3502  2
  3503  2
  3504  2
  3505  2
  3506  2
  3507  2
  3508  2
  3509  2
  3510  2
  3511  2
  3512  2
  3513  2
  3514  2
  3515  2
  3516  2
  3517  2
  3518  2
  4330  2
  4331  2
  4332  2
  4333  2
  4334  2
  4335  2
  4336  2
  4337  2
  4338  2
  4339  2
  4340  2
  4341  2
  4342  2
  4343  2
  4344  2
  4345  2
  4346  2
  4347  2
  4348  2
  4349  2
  4350  2
  4351  2
  4352  2
  4353  2
  4354  2
  4355  2
  4356  2
  4357  2
  4358  2
  4359  2
  4360  2
  4361  2
  4362  2
  4363  2
  4364  2
  4365  2
  4366  2
  4367  2
  4368  2
  4369  2
  4370  2
  4371  2
  4372  2
  4373  2
  4374  2
  4375  2
  4376  2
  4377  2
  4378  2
  4379  2
  4380  2
  4381  2
  4382  2
  4383  2
  4384  2
  4385  2
  4386  2
  4387  2
  4388  2
  4389  2
  4390  2
  4391  2
  4392  2
  4393  2
  4394  2
  4395  2
  4396  2
  4397  2
  4398  2
  4399  2
  5281  2
  5282  2
  5283  2
  5284  2
  5285  2
  5286  2
  5287  2
  5288  2
  5289  2
  5290  2
  5291  2
  5292  2
  5293  2
  5294  2
  5295  2
  5296  2
  5297  2
  5298  2
  5299  2
  5300  2
  5301  2
  5302  2
  5303  2
  5304  2
  5305  2
  5306  2
  5307  2
  5308  2
  5309  2
  5310  2
  5311  2
  5312  2
  5313  2
  5314  2
  5315  2
  5316  2
  5317  2
  5318  2
  5319  2
  5320  2
  5321  2
  5322  2
  5323  2
  5324  2
  5325  2
  5326  2
  5327  2
  5328  2
  5329  2
  5330  2
  5331  2
  5332  2
  5333  2
  5334  2
  5335  2
  5336  2
  5337  2
  5338  2
  5339  2
  5340  2
  5341  2
  5342  2
  5343  2
  5344  2
  5345  2
  5346  2
  5347  2
  5348  2
  5349  2
  5350  2
  5469  2
  5470  2
  5471  2
  5472  2
  5473  2
  5474  2
  5475  2
  5476  2
  5477  2
  5478  2
  5479  2
  5480  2
  5481  2
  5482  2
  5483  2
  5484  2
  5485  2
  5486  2
  5487  2
  5488  2
  5489  2
  5490  2
  5491  2
  5492  2
  5493  2
  5494  2
  5495  2
  5496  2
  5497  2
  5498  2
  5499  2
  5500  2
  5501  2
  5502  2
  5503  2
  5504  2
  5505  2
  5506  2
  5507  2
  5508  2
  5509  2
  5510  2
  5511  2
  5512  2
  5513  2
  5514  2
  5515  2
  5516  2
  5517  2
  5518  2
  5519  2
  5520  2
  5521  2
  5522  2
  5523  2
  5524  2
  5525  2
  5526  2
  5527  2
  5528  2
  5529  2
  5530  2
  5531  2
  5532  2
  5533  2
  5534  2
  5535  2
  5536  2
  5537  2
  5538  2
  5845  2
  5846  2
  5847  2
  5848  2
  5849  2
  5850  2
  5851  2
  5852  2
  5853  2
  5854  2
  5855  2
  5856  2
  5857  2
  5858  2
  5859  2
  5860  2
  5861  2
  5862  2
  5863  2
  5864  2
  5865  2
  5866  2
  5867  2
  5868  2
  5869  2
  5870  2
  5871  2
  5872  2
  5873  2
  5874  2
  5875  2
  5876  2
  5877  2
  5878  2
  5879  2
  5880  2
  5881  2
  5882  2
  5883  2
  5884  2
  5885  2
  5886  2
  5887  2
  5888  2
  5889  2
  5890  2
  5891  2
  5892  2
  5893  2
  5894  2
  5895  2
  5896  2
  5897  2
  5898  2
  5899  2
  5900  2
  5901  2
  5902  2
  5903  2
  5904  2
  5905  2
  5906  2
  5907  2
  5908  2
  5909  2
  5910  2
  5911  2
  5912  2
  5913  2
  5914  2
  6608  2
  6609  2
  6610  2
  6611  2
  6612  2
  6613  2
  6614  2
  6615  2
  6616  2
  6617  2
  6618  2
  6619  2
  6620  2
  6621  2
  6622  2
  6623  2
  6624  2
  6625  2
  6626  2
  6627  2
  6628  2
  6629  2
  6630  2
  6631  2
  6632  2
  6633  2
  6634  2
  6635  2
  6636  2
  6637  2
  6638  2
  6639  2
  6640  2
  6641  2
  6642  2
  6643  2
  6644  2
  6645  2
  6646  2
  6647  2
  6648  2
  6649  2
  6650  2
  6651  2
  6652  2
  6653  2
  6654  2
  6655  2
  6656  2
  6657  2
  6658  2
  6659  2
  6660  2
  6661  2
  6662  2
  6663  2
  6664  2
  6665  2
  6666  2
  6667  2
  6668  2
  6669  2
  6670  2
  6671  2
  6672  2
  6673  2
  6674  2
  6675  2
  6676  2
  6677  2
  7688  2
  7689  2
  7690  2
  7691  2
  7692  2
  7693  2
  7694  2
  7695  2
  7696  2
  7697  2
  7698  2
  7699  2
  7700  2
  7701  2
  7702  2
  7703  2
  7704  2
  7705  2
  7706  2
  7707  2
  7708  2
  7709  2
  7710  2
  7711  2
  7712  2
  7713  2
  7714  2
  7715  2
  7716  2
  7717  2
  7718  2
  7719  2
  7720  2
  7721  2
  7722  2
  7723  2
  7724  2
  7725  2
  7726  2
  7727  2
  7728  2
  7729  2
  7730  2
  7731  2
  7732  2
  7733  2
  7734  2
  7735  2
  7736  2
  7737  2
  7738  2
  7739  2
  7740  2
  7741  2
  7742  2
  7743  2
  7744  2
  7745  2
  7746  2
  7747  2
  7748  2
  7749  2
  7750  2
  7751  2
  7752  2
  7753  2
  7754  2
  7755  2
  7756  2
  7757  2
  7876  2
  7877  2
  7878  2
  7879  2
  7880  2
  7881  2
  7882  2
  7883  2
  7884  2
  7885  2
  7886  2
  7887  2
  7888  2
  7889  2
  7890  2
  7891  2
  7892  2
  7893  2
  7894  2
  7895  2
  7896  2
  7897  2
  7898  2
  7899  2
  7900  2
  7901  2
  7902  2
  7903  2
  7904  2
  7905  2
  7906  2
  7907  2
  7908  2
  7909  2
  7910  2
  7911  2
  7912  2
  7913  2
  7914  2
  7915  2
  7916  2
  7917  2
  7918  2
  7919  2
  7920  2
  7921  2
  7922  2
  7923  2
  7924  2
  7925  2
  7926  2
  7927  2
  7928  2
  7929  2
  7930  2
  7931  2
  7932  2
  7933  2
  7934  2
  7935  2
  7936  2
  7937  2
  7938  2
  7939  2
  7940  2
  7941  2
  7942  2
  7943  2
  7944  2
  7945  2
  8252  2
  8253  2
  8254  2
  8255  2
  8256  2
  8257  2
  8258  2
  8259  2
  8260  2
  8261  2
  8262  2
  8263  2
  8264  2
  8265  2
  8266  2
  8267  2
  8268  2
  8269  2
  8270  2
  8271  2
  8272  2
  8273  2
  8274  2
  8275  2
  8276  2
  8277  2
  8278  2
  8279  2
  8280  2
  8281  2
  8282  2
  8283  2
  8284  2
  8285  2
  8286  2
  8287  2
  8288  2
  8289  2
  8290  2
  8291  2
  8292  2
  8293  2
  8294  2
  8295  2
  8296  2
  8297  2
  8298  2
  8299  2
  8300  2
  8301  2
  8302  2
  8303  2
  8304  2
  8305  2
  8306  2
  8307  2
  8308  2
  8309  2
  8310  2
  8311  2
  8312  2
  8313  2
  8314  2
  8315  2
  8316  2
  8317  2
  8318  2
  8319  2
  8320  2
  8321  2
  9015  2
  9016  2
  9017  2
  9018  2
  9019  2
  9020  2
  9021  2
  9022  2
  9023  2
  9024  2
  9025  2
  9026  2
  9027  2
  9028  2
  9029  2
  9030  2
  9031  2
  9032  2
  9033  2
  9034  2
  9035  2
  9036  2
  9037  2
  9038  2
  9039  2
  9040  2
  9041  2
  9042  2
  9043  2
  9044  2
  9045  2
  9046  2
  9047  2
  9048  2
  9049  2
  9050  2
  9051  2
  9052  2
  9053  2
  9054  2
  9055  2
  9056  2
  9057  2
  9058  2
  9059  2
  9060  2
  9061  2
  9062  2
  9063  2
  9064  2
  9065  2
  9066  2
  9067  2
  9068  2
  9069  2
  9070  2
  9071  2
  9072  2
  9073  2
  9074  2
  9075  2
  9076  2
  9077  2
  9078  2
  9079  2
  9080  2
  9081  2
  9082  2
  9083  2
  9084  2
  9308  2
  9309  2
  9310  2
  9311  2
  9312  2
  9313  2
  9314  2
  9315  2
  9316  2
  9317  2
  9318  2
  9319  2
  9320  2
  9321  2
  9322  2
  9323  2
  9324  2
  9325  2
  9326  2
  9327  2
  9328  2
  9329  2
  9330  2
  9331  2
  9332  2
  9333  2
  9334  2
  9335  2
  9336  2
  9337  2
  9338  2
  9339  2
  9340  2
  9341  2
  9342  2
  9942  2
  9943  2
  9944  2
  9945  2
  9946  2
  9947  2
  9948  2
  9949  2
  9950  2
  9951  2
  9952  2
  9953  2
  9954  2
  9955  2
  9956  2
  9957  2
  9958  2
  9959  2
  9960  2
  9961  2
  9962  2
  9963  2
  9964  2
  9965  2
  9966  2
  9967  2
  9968  2
  9969  2
  9970  2
  9971  2
  9972  2
  9973  2
  9974  2
  9975  2
  9976  2
  10718  2
  10719  2
  10720  2
  10721  2
  10722  2
  10723  2
  10724  2
  10725  2
  10726  2
  10727  2
  10728  2
  10729  2
  10730  2
  10731  2
  10732  2
  10733  2
  10734  2
  10735  2
  10736  2
  10737  2
  10738  2
  10739  2
  10740  2
  10741  2
  10742  2
  10743  2
  10744  2
  10745  2
  10746  2
  10747  2
  10748  2
  10749  2
  10750  2
  10751  2
  10752  2
  10753  2
  10754  2
  10755  2
  10756  2
  10757  2
  10758  2
  10759  2
  10760  2
  10761  2
  10762  2
  10763  2
  10764  2
  10765  2
  10766  2
  10767  2
  10768  2
  10769  2
  10770  2
  10771  2
  10772  2
  10773  2
  10774  2
  10775  2
  10776  2
  10777  2
  10778  2
  10779  2
  10780  2
  10781  2
  10782  2
  10783  2
  10784  2
  10785  2
  10786  2
  10787  2
  10976  2
  10977  2
  10978  2
  10979  2
  10980  2
  10981  2
  10982  2
  10983  2
  10984  2
  10985  2
  10986  2
  10987  2
  10988  2
  10989  2
  10990  2
  10991  2
  10992  2
  10993  2
  10994  2
  10995  2
  10996  2
  10997  2
  10998  2
  10999  2
  11000  2
  11001  2
  11002  2
  11003  2
  11004  2
  11005  2
  11006  2
  11007  2
  11008  2
  11009  2
  11010  2
  11011  2
  11012  2
  11013  2
  11014  2
  11015  2
  11016  2
  11017  2
  11018  2
  11019  2
  11020  2
  11021  2
  11022  2
  11023  2
  11024  2
  11025  2
  11026  2
  11027  2
  11028  2
  11029  2
  11030  2
  11031  2
  11032  2
  11033  2
  11034  2
  11035  2
  11036  2
  11037  2
  11038  2
  11039  2
  11040  2
  11041  2
  11042  2
  11043  2
  11044  2
  11045  2
  11422  2
  11423  2
  11424  2
  11425  2
  11426  2
  11427  2
  11428  2
  11429  2
  11430  2
  11431  2
  11432  2
  11433  2
  11434  2
  11435  2
  11436  2
  11437  2
  11438  2
  11439  2
  11440  2
  11441  2
  11442  2
  11443  2
  11444  2
  11445  2
  11446  2
  11447  2
  11448  2
  11449  2
  11450  2
  11451  2
  11452  2
  11453  2
  11454  2
  11455  2
  11456  2
  11457  2
  11458  2
  11459  2
  11460  2
  11461  2
  11462  2
  11463  2
  11464  2
  11465  2
  11466  2
  11467  2
  11468  2
  11469  2
  11470  2
  11471  2
  11472  2
  11473  2
  11474  2
  11475  2
  11476  2
  11477  2
  11478  2
  11479  2
  11480  2
  11481  2
  11482  2
  11483  2
  11484  2
  11485  2
  11486  2
  11487  2
  11488  2
  11489  2
  11490  2
  11491  2
  12115  2
  12116  2
  12117  2
  12118  2
  12119  2
  12120  2
  12121  2
  12122  2
  12123  2
  12124  2
  12125  2
  12126  2
  12127  2
  12128  2
  12129  2
  12130  2
  12131  2
  12132  2
  12133  2
  12134  2
  12135  2
  12136  2
  12137  2
  12138  2
  12139  2
  12140  2
  12141  2
  12142  2
  12143  2
  12144  2
  12145  2
  12146  2
  12147  2
  12148  2
  12149  2
  12150  2
  12151  2
  12152  2
  12153  2
  12154  2
  12155  2
  12156  2
  12157  2
  12158  2
  12159  2
  12160  2
  12161  2
  12162  2
  12163  2
  12164  2
  12165  2
  12166  2
  12167  2
  12168  2
  12169  2
  12170  2
  12171  2
  12172  2
  12173  2
  12174  2
  12175  2
  12176  2
  12177  2
  12178  2
  12179  2
  12180  2
  12181  2
  12182  2
  12183  2
  12184  2
  13125  2
  13126  2
  13127  2
  13128  2
  13129  2
  13130  2
  13131  2
  13132  2
  13133  2
  13134  2
  13135  2
  13136  2
  13137  2
  13138  2
  13139  2
  13140  2
  13141  2
  13142  2
  13143  2
  13144  2
  13145  2
  13146  2
  13147  2
  13148  2
  13149  2
  13150  2
  13151  2
  13152  2
  13153  2
  13154  2
  13155  2
  13156  2
  13157  2
  13158  2
  13159  2
  13160  2
  13161  2
  13162  2
  13163  2
  13164  2
  13165  2
  13166  2
  13167  2
  13168  2
  13169  2
  13170  2
  13171  2
  13172  2
  13173  2
  13174  2
  13175  2
  13176  2
  13177  2
  13178  2
  13179  2
  13180  2
  13181  2
  13182  2
  13183  2
  13184  2
  13185  2
  13186  2
  13187  2
  13188  2
  13189  2
  13190  2
  13191  2
  13192  2
  13193  2
  13194  2
  13383  2
  13384  2
  13385  2
  13386  2
  13387  2
  13388  2
  13389  2
  13390  2
  13391  2
  13392  2
  13393  2
  13394  2
  13395  2
  13396  2
  13397  2
  13398  2
  13399  2
  13400  2
  13401  2
  13402  2
  13403  2
  13404  2
  13405  2
  13406  2
  13407  2
  13408  2
  13409  2
  13410  2
  13411  2
  13412  2
  13413  2
  13414  2
  13415  2
  13416  2
  13417  2
  13418  2
  13419  2
  13420  2
  13421  2
  13422  2
  13423  2
  13424  2
  13425  2
  13426  2
  13427  2
  13428  2
  13429  2
  13430  2
  13431  2
  13432  2
  13433  2
  13434  2
  13435  2
  13436  2
  13437  2
  13438  2
  13439  2
  13440  2
  13441  2
  13442  2
  13443  2
  13444  2
  13445  2
  13446  2
  13447  2
  13448  2
  13449  2
  13450  2
  13451  2
  13452  2
  13829  2
  13830  2
  13831  2
  13832  2
  13833  2
  13834  2
  13835  2
  13836  2
  13837  2
  13838  2
  13839  2
  13840  2
  13841  2
  13842  2
  13843  2
  13844  2
  13845  2
  13846  2
  13847  2
  13848  2
  13849  2
  13850  2
  13851  2
  13852  2
  13853  2
  13854  2
  13855  2
  13856  2
  13857  2
  13858  2
  13859  2
  13860  2
  13861  2
  13862  2
  13863  2
  13864  2
  13865  2
  13866  2
  13867  2
  13868  2
  13869  2
  13870  2
  13871  2
  13872  2
  13873  2
  13874  2
  13875  2
  13876  2
  13877  2
  13878  2
  13879  2
  13880  2
  13881  2
  13882  2
  13883  2
  13884  2
  13885  2
  13886  2
  13887  2
  13888  2
  13889  2
  13890  2
  13891  2
  13892  2
  13893  2
  13894  2
  13895  2
  13896  2
  13897  2
  13898  2
  14651  2
  14652  2
  14653  2
  14654  2
  14655  2
  14656  2
  14657  2
  14658  2
  14659  2
  14660  2
  14661  2
  14662  2
  14663  2
  14664  2
  14665  2
  14666  2
  14667  2
  14668  2
  14669  2
  14670  2
  14671  2
  14672  2
  14673  2
  14674  2
  14675  2
  14676  2
  14677  2
  14678  2
  14679  2
  14680  2
  14681  2
  14682  2
  14683  2
  14684  2
  14685  2
  14686  2
  14687  2
  14688  2
  14689  2
  14690  2
  14691  2
  14692  2
  14693  2
  14694  2
  14695  2
  14696  2
  14697  2
  14698  2
  14699  2
  14700  2
  14701  2
  14702  2
  14703  2
  14704  2
  14705  2
  14706  2
  14707  2
  14708  2
  14709  2
  14710  2
  14711  2
  14712  2
  14713  2
  14714  2
  14715  2
  14716  2
  14717  2
  14718  2
  14719  2
  14720  2
  15027  2
  15028  2
  15029  2
  15030  2
  15031  2
  15032  2
  15033  2
  15034  2
  15035  2
  15036  2
  15037  2
  15038  2
  15039  2
  15040  2
  15041  2
  15042  2
  15043  2
  15044  2
  15045  2
  15046  2
  15047  2
  15048  2
  15049  2
  15050  2
  15051  2
  15052  2
  15053  2
  15054  2
  15055  2
  15056  2
  15057  2
  15058  2
  15059  2
  15060  2
  15061  2
  15062  2
  15063  2
  15064  2
  15065  2
  15066  2
  15067  2
  15068  2
  15069  2
  15070  2
  15071  2
  15072  2
  15073  2
  15074  2
  15075  2
  15076  2
  15077  2
  15078  2
  15079  2
  15080  2
  15081  2
  15082  2
  15083  2
  15084  2
  15085  2
  15086  2
  15087  2
  15088  2
  15089  2
  15090  2
  15091  2
  15092  2
  15093  2
  15094  2
  15095  2
  15096  2
  15919  2
  15920  2
  15921  2
  15922  2
  15923  2
  15924  2
  15925  2
  15926  2
  15927  2
  15928  2
  15929  2
  15930  2
  15931  2
  15932  2
  15933  2
  15934  2
  15935  2
  15936  2
  15937  2
  15938  2
  15939  2
  15940  2
  15941  2
  15942  2
  15943  2
  15944  2
  15945  2
  15946  2
  15947  2
  15948  2
  15949  2
  15950  2
  15951  2
  15952  2
  15953  2
  15954  2
  15955  2
  15956  2
  15957  2
  15958  2
  15959  2
  15960  2
  15961  2
  15962  2
  15963  2
  15964  2
  15965  2
  15966  2
  15967  2
  15968  2
  15969  2
  15970  2
  15971  2
  15972  2
  15973  2
  15974  2
  15975  2
  15976  2
  15977  2
  15978  2
  15979  2
  15980  2
  15981  2
  15982  2
  15983  2
  15984  2
  15985  2
  15986  2
  15987  2
  15988  2
  16212  2
  16213  2
  16214  2
  16215  2
  16216  2
  16217  2
  16218  2
  16219  2
  16220  2
  16221  2
  16222  2
  16223  2
  16224  2
  16225  2
  16226  2
  16227  2
  16228  2
  16229  2
  16230  2
  16231  2
  16232  2
  16233  2
  16234  2
  16235  2
  16236  2
  16237  2
  16238  2
  16239  2
  16240  2
  16241  2
  16242  2
  16243  2
  16244  2
  16245  2
  16246  2
  16846  2
  16847  2
  16848  2
  16849  2
  16850  2
  16851  2
  16852  2
  16853  2
  16854  2
  16855  2
  16856  2
  16857  2
  16858  2
  16859  2
  16860  2
  16861  2
  16862  2
  16863  2
  16864  2
  16865  2
  16866  2
  16867  2
  16868  2
  16869  2
  16870  2
  16871  2
  16872  2
  16873  2
  16874  2
  16875  2
  16876  2
  16877  2
  16878  2
  16879  2
  16880  2
  17493  2
  17494  2
  17495  2
  17496  2
  17497  2
  17498  2
  17499  2
  17500  2
  17501  2
  17502  2
  17503  2
  17504  2
  17505  2
  17506  2
  17507  2
  17508  2
  17509  2
  17510  2
  17511  2
  17512  2
  17513  2
  17514  2
  17515  2
  17516  2
  17517  2
  17518  2
  17519  2
  17520  2
  17521  2
  17522  2
  17523  2
  17524  2
  17525  2
  17526  2
  17527  2
  17528  2
  17529  2
  17530  2
  17531  2
  17532  2
  17533  2
  17534  2
  17535  2
  17536  2
  17537  2
  17538  2
  17539  2
  17540  2
  17541  2
  17542  2
  17543  2
  17544  2
  17545  2
  17546  2
  17547  2
  17548  2
  17549  2
  17550  2
  17551  2
  17552  2
  17553  2
  17554  2
  17555  2
  17556  2
  17557  2
  17558  2
  17559  2
  17560  2
  17561  2
  17562  2
  17880  2
  17881  2
  17882  2
  17883  2
  17884  2
  17885  2
  17886  2
  17887  2
  17888  2
  17889  2
  17890  2
  17891  2
  17892  2
  17893  2
  17894  2
  17895  2
  17896  2
  17897  2
  17898  2
  17899  2
  17900  2
  17901  2
  17902  2
  17903  2
  17904  2
  17905  2
  17906  2
  17907  2
  17908  2
  17909  2
  17910  2
  17911  2
  17912  2
  17913  2
  17914  2
  17915  2
  17916  2
  17917  2
  17918  2
  17919  2
  17920  2
  17921  2
  17922  2
  17923  2
  17924  2
  17925  2
  17926  2
  17927  2
  17928  2
  17929  2
  17930  2
  17931  2
  17932  2
  17933  2
  17934  2
  17935  2
  17936  2
  17937  2
  17938  2
  17939  2
  17940  2
  17941  2
  17942  2
  17943  2
  17944  2
  17945  2
  17946  2
  17947  2
  17948  2
  17949  2
  18256  2
  18257  2
  18258  2
  18259  2
  18260  2
  18261  2
  18262  2
  18263  2
  18264  2
  18265  2
  18266  2
  18267  2
  18268  2
  18269  2
  18270  2
  18271  2
  18272  2
  18273  2
  18274  2
  18275  2
  18276  2
  18277  2
  18278  2
  18279  2
  18280  2
  18281  2
  18282  2
  18283  2
  18284  2
  18285  2
  18286  2
  18287  2
  18288  2
  18289  2
  18290  2
  18291  2
  18292  2
  18293  2
  18294  2
  18295  2
  18296  2
  18297  2
  18298  2
  18299  2
  18300  2
  18301  2
  18302  2
  18303  2
  18304  2
  18305  2
  18306  2
  18307  2
  18308  2
  18309  2
  18310  2
  18311  2
  18312  2
  18313  2
  18314  2
  18315  2
  18316  2
  18317  2
  18318  2
  18319  2
  18320  2
  18321  2
  18322  2
  18323  2
  18324  2
  18325  2
  18901  2
  18902  2
  18903  2
  18904  2
  18905  2
  18906  2
  18907  2
  18908  2
  18909  2
  18910  2
  18911  2
  18912  2
  18913  2
  18914  2
  18915  2
  18916  2
  18917  2
  18918  2
  18919  2
  18920  2
  18921  2
  18922  2
  18923  2
  18924  2
  18925  2
  18926  2
  18927  2
  18928  2
  18929  2
  18930  2
  18931  2
  18932  2
  18933  2
  18934  2
  18935  2
  18936  2
  18937  2
  18938  2
  18939  2
  18940  2
  18941  2
  18942  2
  18943  2
  18944  2
  18945  2
  18946  2
  18947  2
  18948  2
  18949  2
  18950  2
  18951  2
  18952  2
  18953  2
  18954  2
  18955  2
  18956  2
  18957  2
  18958  2
  18959  2
  18960  2
  18961  2
  18962  2
  18963  2
  18964  2
  18965  2
  18966  2
  18967  2
  18968  2
  18969  2
  18970  2
  19524  2
  19525  2
  19526  2
  19527  2
  19528  2
  19529  2
  19530  2
  19531  2
  19532  2
  19533  2
  19534  2
  19535  2
  19536  2
  19537  2
  19538  2
  19539  2
  19540  2
  19541  2
  19542  2
  19543  2
  19544  2
  19545  2
  19546  2
  19547  2
  19548  2
  19549  2
  19550  2
  19551  2
  19552  2
  19553  2
  19554  2
  19555  2
  19556  2
  19557  2
  19558  2
  19559  2
  19560  2
  19561  2
  19562  2
  19563  2
  19564  2
  19565  2
  19566  2
  19567  2
  19568  2
  19569  2
  19570  2
  19571  2
  19572  2
  19573  2
  19574  2
  19575  2
  19576  2
  19577  2
  19578  2
  19579  2
  19580  2
  19581  2
  19582  2
  19583  2
  19584  2
  19585  2
  19586  2
  19587  2
  19588  2
  19589  2
  19590  2
  19591  2
  19592  2
  19593  2
  20416  2
  20417  2
  20418  2
  20419  2
  20420  2
  20421  2
  20422  2
  20423  2
  20424  2
  20425  2
  20426  2
  20427  2
  20428  2
  20429  2
  20430  2
  20431  2
  20432  2
  20433  2
  20434  2
  20435  2
  20436  2
  20437  2
  20438  2
  20439  2
  20440  2
  20441  2
  20442  2
  20443  2
  20444  2
  20445  2
  20446  2
  20447  2
  20448  2
  20449  2
  20450  2
  20451  2
  20452  2
  20453  2
  20454  2
  20455  2
  20456  2
  20457  2
  20458  2
  20459  2
  20460  2
  20461  2
  20462  2
  20463  2
  20464  2
  20465  2
  20466  2
  20467  2
  20468  2
  20469  2
  20470  2
  20471  2
  20472  2
  20473  2
  20474  2
  20475  2
  20476  2
  20477  2
  20478  2
  20479  2
  20480  2
  20481  2
  20482  2
  20483  2
  20484  2
  20485  2
  20792  2
  20793  2
  20794  2
  20795  2
  20796  2
  20797  2
  20798  2
  20799  2
  20800  2
  20801  2
  20802  2
  20803  2
  20804  2
  20805  2
  20806  2
  20807  2
  20808  2
  20809  2
  20810  2
  20811  2
  20812  2
  20813  2
  20814  2
  20815  2
  20816  2
  20817  2
  20818  2
  20819  2
  20820  2
  20821  2
  20822  2
  20823  2
  20824  2
  20825  2
  20826  2
  20827  2
  20828  2
  20829  2
  20830  2
  20831  2
  20832  2
  20833  2
  20834  2
  20835  2
  20836  2
  20837  2
  20838  2
  20839  2
  20840  2
  20841  2
  20842  2
  20843  2
  20844  2
  20845  2
  20846  2
  20847  2
  20848  2
  20849  2
  20850  2
  20851  2
  20852  2
  20853  2
  20854  2
  20855  2
  20856  2
  20857  2
  20858  2
  20859  2
  20860  2
  20861  2
  21754  2
  21755  2
  21756  2
  21757  2
  21758  2
  21759  2
  21760  2
  21761  2
  21762  2
  21763  2
  21764  2
  21765  2
  21766  2
  21767  2
  21768  2
  21769  2
  21770  2
  21771  2
  21772  2
  21773  2
  21774  2
  21775  2
  21776  2
  21777  2
  21778  2
  21779  2
  21780  2
  21781  2
  21782  2
  21783  2
  21784  2
  21785  2
  21786  2
  21787  2
  21788  2
  21789  2
  21790  2
  21791  2
  21792  2
  21793  2
  21794  2
  21795  2
  21796  2
  21797  2
  21798  2
  21799  2
  21800  2
  21801  2
  21802  2
  21803  2
  21804  2
  21805  2
  21806  2
  21807  2
  21808  2
  21809  2
  21810  2
  21811  2
  21812  2
  21813  2
  21814  2
  21815  2
  21816  2
  21817  2
  21818  2
  21819  2
  21820  2
  21821  2
  21822  2
  21823  2
  22436  2
  22437  2
  22438  2
  22439  2
  22440  2
  22441  2
  22442  2
  22443  2
  22444  2
  22445  2
  22446  2
  22447  2
  22448  2
  22449  2
  22450  2
  22451  2
  22452  2
  22453  2
  22454  2
  22455  2
  22456  2
  22457  2
  22458  2
  22459  2
  22460  2
  22461  2
  22462  2
  22463  2
  22464  2
  22465  2
  22466  2
  22467  2
  22468  2
  22469  2
  22470  2
  22471  2
  22472  2
  22473  2
  22474  2
  22475  2
  22476  2
  22477  2
  22478  2
  22479  2
  22480  2
  22481  2
  22482  2
  22483  2
  22484  2
  22485  2
  22486  2
  22487  2
  22488  2
  22489  2
  22490  2
  22491  2
  22492  2
  22493  2
  22494  2
  22495  2
  22496  2
  22497  2
  22498  2
  22499  2
  22500  2
  22501  2
  22502  2
  22503  2
  22504  2
  22505  2
  22952  2
  22953  2
  22954  2
  22955  2
  22956  2
  22957  2
  22958  2
  22959  2
  22960  2
  22961  2
  22962  2
  22963  2
  22964  2
  22965  2
  22966  2
  22967  2
  22968  2
  22969  2
  22970  2
  22971  2
  22972  2
  22973  2
  22974  2
  22975  2
  22976  2
  22977  2
  22978  2
  22979  2
  22980  2
  22981  2
  22982  2
  22983  2
  22984  2
  22985  2
  22986  2
  22987  2
  22988  2
  22989  2
  22990  2
  22991  2
  22992  2
  22993  2
  22994  2
  22995  2
  22996  2
  22997  2
  22998  2
  22999  2
  23000  2
  23001  2
  23002  2
  23003  2
  23004  2
  23005  2
  23006  2
  23007  2
  23008  2
  23009  2
  23010  2
  23011  2
  23012  2
  23013  2
  23014  2
  23015  2
  23016  2
  23017  2
  23018  2
  23019  2
  23020  2
  23021  2
  23328  2
  23329  2
  23330  2
  23331  2
  23332  2
  23333  2
  23334  2
  23335  2
  23336  2
  23337  2
  23338  2
  23339  2
  23340  2
  23341  2
  23342  2
  23343  2
  23344  2
  23345  2
  23346  2
  23347  2
  23348  2
  23349  2
  23350  2
  23351  2
  23352  2
  23353  2
  23354  2
  23355  2
  23356  2
  23357  2
  23358  2
  23359  2
  23360  2
  23361  2
  23362  2
  23363  2
  23364  2
  23365  2
  23366  2
  23367  2
  23368  2
  23369  2
  23370  2
  23371  2
  23372  2
  23373  2
  23374  2
  23375  2
  23376  2
  23377  2
  23378  2
  23379  2
  23380  2
  23381  2
  23382  2
  23383  2
  23384  2
  23385  2
  23386  2
  23387  2
  23388  2
  23389  2
  23390  2
  23391  2
  23392  2
  23393  2
  23394  2
  23395  2
  23396  2
  23397  2
  23973  2
  23974  2
  23975  2
  23976  2
  23977  2
  23978  2
  23979  2
  23980  2
  23981  2
  23982  2
  23983  2
  23984  2
  23985  2
  23986  2
  23987  2
  23988  2
  23989  2
  23990  2
  23991  2
  23992  2
  23993  2
  23994  2
  23995  2
  23996  2
  23997  2
  23998  2
  23999  2
  24000  2
  24001  2
  24002  2
  24003  2
  24004  2
  24005  2
  24006  2
  24007  2
  24008  2
  24009  2
  24010  2
  24011  2
  24012  2
  24013  2
  24014  2
  24015  2
  24016  2
  24017  2
  24018  2
  24019  2
  24020  2
  24021  2
  24022  2
  24023  2
  24024  2
  24025  2
  24026  2
  24027  2
  24028  2
  24029  2
  24030  2
  24031  2
  24032  2
  24033  2
  24034  2
  24035  2
  24036  2
  24037  2
  24038  2
  24039  2
  24040  2
  24041  2
  24042  2
  24596  2
  24597  2
  24598  2
  24599  2
  24600  2
  24601  2
  24602  2
  24603  2
  24604  2
  24605  2
  24606  2
  24607  2
  24608  2
  24609  2
  24610  2
  24611  2
  24612  2
  24613  2
  24614  2
  24615  2
  24616  2
  24617  2
  24618  2
  24619  2
  24620  2
  24621  2
  24622  2
  24623  2
  24624  2
  24625  2
  24626  2
  24627  2
  24628  2
  24629  2
  24630  2
  24631  2
  24632  2
  24633  2
  24634  2
  24635  2
  24636  2
  24637  2
  24638  2
  24639  2
  24640  2
  24641  2
  24642  2
  24643  2
  24644  2
  24645  2
  24646  2
  24647  2
  24648  2
  24649  2
  24650  2
  24651  2
  24652  2
  24653  2
  24654  2
  24655  2
  24656  2
  24657  2
  24658  2
  24659  2
  24660  2
  24661  2
  24662  2
  24663  2
  24664  2
  24665  2
  25488  2
  25489  2
  25490  2
  25491  2
  25492  2
  25493  2
  25494  2
  25495  2
  25496  2
  25497  2
  25498  2
  25499  2
  25500  2
  25501  2
  25502  2
  25503  2
  25504  2
  25505  2
  25506  2
  25507  2
  25508  2
  25509  2
  25510  2
  25511  2
  25512  2
  25513  2
  25514  2
  25515  2
  25516  2
  25517  2
  25518  2
  25519  2
  25520  2
  25521  2
  25522  2
  25523  2
  25524  2
  25525  2
  25526  2
  25527  2
  25528  2
  25529  2
  25530  2
  25531  2
  25532  2
  25533  2
  25534  2
  25535  2
  25536  2
  25537  2
  25538  2
  25539  2
  25540  2
  25541  2
  25542  2
  25543  2
  25544  2
  25545  2
  25546  2
  25547  2
  25548  2
  25549  2
  25550  2
  25551  2
  25552  2
  25553  2
  25554  2
  25555  2
  25556  2
  25557  2
  25864  2
  25865  2
  25866  2
  25867  2
  25868  2
  25869  2
  25870  2
  25871  2
  25872  2
  25873  2
  25874  2
  25875  2
  25876  2
  25877  2
  25878  2
  25879  2
  25880  2
  25881  2
  25882  2
  25883  2
  25884  2
  25885  2
  25886  2
  25887  2
  25888  2
  25889  2
  25890  2
  25891  2
  25892  2
  25893  2
  25894  2
  25895  2
  25896  2
  25897  2
  25898  2
  25899  2
  25900  2
  25901  2
  25902  2
  25903  2
  25904  2
  25905  2
  25906  2
  25907  2
  25908  2
  25909  2
  25910  2
  25911  2
  25912  2
  25913  2
  25914  2
  25915  2
  25916  2
  25917  2
  25918  2
  25919  2
  25920  2
  25921  2
  25922  2
  25923  2
  25924  2
  25925  2
  25926  2
  25927  2
  25928  2
  25929  2
  25930  2
  25931  2
  25932  2
  25933  2
  26826  2
  26827  2
  26828  2
  26829  2
  26830  2
  26831  2
  26832  2
  26833  2
  26834  2
  26835  2
  26836  2
  26837  2
  26838  2
  26839  2
  26840  2
  26841  2
  26842  2
  26843  2
  26844  2
  26845  2
  26846  2
  26847  2
  26848  2
  26849  2
  26850  2
  26851  2
  26852  2
  26853  2
  26854  2
  26855  2
  26856  2
  26857  2
  26858  2
  26859  2
  26860  2
  26861  2
  26862  2
  26863  2
  26864  2
  26865  2
  26866  2
  26867  2
  26868  2
  26869  2
  26870  2
  26871  2
  26872  2
  26873  2
  26874  2
  26875  2
  26876  2
  26877  2
  26878  2
  26879  2
  26880  2
  26881  2
  26882  2
  26883  2
  26884  2
  26885  2
  26886  2
  26887  2
  26888  2
  26889  2
  26890  2
  26891  2
  26892  2
  26893  2
  26894  2
  26895  2
  27554  2
  27555  2
  27556  2
  27557  2
  27558  2
  27559  2
  27560  2
  27561  2
  27562  2
  27563  2
  27564  2
  27565  2
  27566  2
  27567  2
  27568  2
  27569  2
  27570  2
  27571  2
  27572  2
  27573  2
  27574  2
  27575  2
  27576  2
  27577  2
  27578  2
  27579  2
  27580  2
  27581  2
  27582  2
  27583  2
  27584  2
  27585  2
  27586  2
  27587  2
  27588  2
  27766  2
  27767  2
  27768  2
  27769  2
  27770  2
  27771  2
  27772  2
  27773  2
  27774  2
  27775  2
  27776  2
  27777  2
  27778  2
  27779  2
  27780  2
  27781  2
  27782  2
  27783  2
  27784  2
  27785  2
  27786  2
  27787  2
  27788  2
  27789  2
  27790  2
  27791  2
  27792  2
  27793  2
  27794  2
  27795  2
  27796  2
  27797  2
  27798  2
  27799  2
  27800  2
  27801  2
  27802  2
  27803  2
  27804  2
  27805  2
  27806  2
  27807  2
  27808  2
  27809  2
  27810  2
  27811  2
  27812  2
  27813  2
  27814  2
  27815  2
  27816  2
  27817  2
  27818  2
  27819  2
  27820  2
  27821  2
  27822  2
  27823  2
  27824  2
  27825  2
  27826  2
  27827  2
  27828  2
  27829  2
  27830  2
  27831  2
  27832  2
  27833  2
  27834  2
  27835  2
  28129  2
  28130  2
  28131  2
  28132  2
  28133  2
  28134  2
  28135  2
  28136  2
  28137  2
  28138  2
  28139  2
  28140  2
  28141  2
  28142  2
  28143  2
  28144  2
  28145  2
  28146  2
  28147  2
  28148  2
  28149  2
  28150  2
  28151  2
  28152  2
  28153  2
  28154  2
  28155  2
  28156  2
  28157  2
  28158  2
  28159  2
  28160  2
  28161  2
  28162  2
  28163  2
  28282  2
  28283  2
  28284  2
  28285  2
  28286  2
  28287  2
  28288  2
  28289  2
  28290  2
  28291  2
  28292  2
  28293  2
  28294  2
  28295  2
  28296  2
  28297  2
  28298  2
  28299  2
  28300  2
  28301  2
  28302  2
  28303  2
  28304  2
  28305  2
  28306  2
  28307  2
  28308  2
  28309  2
  28310  2
  28311  2
  28312  2
  28313  2
  28314  2
  28315  2
  28316  2
  28704  2
  28705  2
  28706  2
  28707  2
  28708  2
  28709  2
  28710  2
  28711  2
  28712  2
  28713  2
  28714  2
  28715  2
  28716  2
  28717  2
  28718  2
  28719  2
  28720  2
  28721  2
  28722  2
  28723  2
  28724  2
  28725  2
  28726  2
  28727  2
  28728  2
  28729  2
  28730  2
  28731  2
  28732  2
  28733  2
  28734  2
  28735  2
  28736  2
  28737  2
  28738  2
  29150  2
  29151  2
  29152  2
  29153  2
  29154  2
  29155  2
  29156  2
  29157  2
  29158  2
  29159  2
  29160  2
  29161  2
  29162  2
  29163  2
  29164  2
  29165  2
  29166  2
  29167  2
  29168  2
  29169  2
  29170  2
  29171  2
  29172  2
  29173  2
  29174  2
  29175  2
  29176  2
  29177  2
  29178  2
  29179  2
  29180  2
  29181  2
  29182  2
  29183  2
  29184  2
  29537  2
  29538  2
  29539  2
  29540  2
  29541  2
  29542  2
  29543  2
  29544  2
  29545  2
  29546  2
  29547  2
  29548  2
  29549  2
  29550  2
  29551  2
  29552  2
  29553  2
  29554  2
  29555  2
  29556  2
  29557  2
  29558  2
  29559  2
  29560  2
  29561  2
  29562  2
  29563  2
  29564  2
  29565  2
  29566  2
  29567  2
  29568  2
  29569  2
  29570  2
  29571  2
  29983  2
  29984  2
  29985  2
  29986  2
  29987  2
  29988  2
  29989  2
  29990  2
  29991  2
  29992  2
  29993  2
  29994  2
  29995  2
  29996  2
  29997  2
  29998  2
  29999  2
  30000  2
  30001  2
  30002  2
  30003  2
  30004  2
  30005  2
  30006  2
  30007  2
  30008  2
  30009  2
  30010  2
  30011  2
  30012  2
  30013  2
  30014  2
  30015  2
  30016  2
  30017  2
  30241  2
  30242  2
  30243  2
  30244  2
  30245  2
  30246  2
  30247  2
  30248  2
  30249  2
  30250  2
  30251  2
  30252  2
  30253  2
  30254  2
  30255  2
  30256  2
  30257  2
  30258  2
  30259  2
  30260  2
  30261  2
  30262  2
  30263  2
  30264  2
  30265  2
  30266  2
  30267  2
  30268  2
  30269  2
  30270  2
  30271  2
  30272  2
  30273  2
  30274  2
  30275  2
  30816  2
  30817  2
  30818  2
  30819  2
  30820  2
  30821  2
  30822  2
  30823  2
  30824  2
  30825  2
  30826  2
  30827  2
  30828  2
  30829  2
  30830  2
  30831  2
  30832  2
  30833  2
  30834  2
  30835  2
  30836  2
  30837  2
  30838  2
  30839  2
  30840  2
  30841  2
  30842  2
  30843  2
  30844  2
  30845  2
  30846  2
  30847  2
  30848  2
  30849  2
  30850  2
  30969  2
  30970  2
  30971  2
  30972  2
  30973  2
  30974  2
  30975  2
  30976  2
  30977  2
  30978  2
  30979  2
  30980  2
  30981  2
  30982  2
  30983  2
  30984  2
  30985  2
  30986  2
  30987  2
  30988  2
  30989  2
  30990  2
  30991  2
  30992  2
  30993  2
  30994  2
  30995  2
  30996  2
  30997  2
  30998  2
  30999  2
  31000  2
  31001  2
  31002  2
  31003  2
  31227  2
  31228  2
  31229  2
  31230  2
  31231  2
  31232  2
  31233  2
  31234  2
  31235  2
  31236  2
  31237  2
  31238  2
  31239  2
  31240  2
  31241  2
  31242  2
  31243  2
  31244  2
  31245  2
  31246  2
  31247  2
  31248  2
  31249  2
  31250  2
  31251  2
  31252  2
  31253  2
  31254  2
  31255  2
  31256  2
  31257  2
  31258  2
  31259  2
  31260  2
  31261  2
END_ON_NODES
