ELEMENTS
1 1
2 1
3 1
4 1
5 1
6 1
7 1
8 1
9 1
10 1
11 1
12 1
13 1
14 1
15 1
16 1
17 1
18 1
19 1
20 1
21 1
22 1
23 1
24 1
25 1
26 1
27 1
28 1
29 1
30 1
31 1
32 1
33 1
34 1
35 1
36 1
37 1
38 1
39 1
40 1
41 1
42 1
43 1
44 1
45 1
46 1
47 1
48 1
49 1
50 1
51 1
52 1
53 1
54 1
55 1
56 1
57 1
58 1
59 1
60 1
61 1
62 1
63 1
64 1
65 1
66 1
67 1
68 1
69 1
70 1
71 1
72 1
73 1
74 1
75 1
76 1
77 1
78 1
79 1
80 1
81 1
82 1
83 1
84 1
85 1
86 1
87 1
88 1
89 1
90 1
91 1
92 1
93 1
94 1
95 1
96 1
97 1
98 1
99 1
100 1
101 1
102 1
103 1
104 1
105 1
106 1
107 1
108 1
109 1
110 1
111 1
112 1
113 1
114 1
115 1
116 1
117 1
118 1
119 1
120 1
121 1
122 1
123 1
124 1
125 1
126 1
127 1
128 1
129 1
130 1
131 1
132 1
133 1
134 1
135 1
136 1
137 1
138 1
139 1
140 1
141 1
142 1
143 1
144 1
145 1
146 1
147 1
148 1
149 1
150 1
151 1
152 1
153 1
154 1
155 1
156 1
157 1
158 1
159 1
160 1
161 1
162 1
163 1
164 1
165 1
166 1
167 1
168 1
169 1
170 1
171 1
172 1
173 1
174 1
175 1
176 1
177 1
178 1
179 1
180 1
181 1
182 1
183 1
184 1
185 1
186 1
187 1
188 1
189 1
190 1
191 1
192 1
193 1
194 1
195 1
196 1
197 1
198 1
199 1
200 1
201 1
202 1
203 1
204 1
205 1
206 1
207 1
208 1
209 1
210 1
211 1
212 1
213 1
214 1
215 1
216 1
217 1
218 1
219 1
220 1
221 1
222 1
223 1
224 1
225 1
226 1
227 1
228 1
229 1
230 1
231 1
232 1
233 1
234 1
235 1
236 1
237 1
238 1
239 1
240 1
241 1
242 1
243 1
244 1
245 1
246 1
247 1
248 1
249 1
250 1
251 1
252 1
253 1
254 1
255 1
256 1
257 1
258 1
259 1
260 1
261 1
262 1
263 1
264 1
265 1
266 1
267 1
268 1
269 1
270 1
271 1
272 1
273 1
274 1
275 1
276 1
277 1
278 1
279 1
280 1
281 1
282 1
283 1
284 1
285 1
286 1
287 1
288 1
289 1
290 1
291 1
292 1
293 1
294 1
295 1
296 1
297 1
298 1
299 1
300 1
301 1
302 1
303 1
304 1
305 1
306 1
307 1
308 1
309 1
310 1
311 1
312 1
313 1
314 1
315 1
316 1
317 1
318 1
319 1
320 1
321 1
322 1
323 1
324 1
325 1
326 1
327 1
328 1
329 1
330 1
331 1
332 1
333 1
334 1
335 1
336 1
337 1
338 1
339 1
340 1
341 1
342 1
343 1
344 1
345 1
346 1
347 1
348 1
349 1
350 1
351 1
352 1
353 1
354 1
355 1
356 1
357 1
358 1
359 1
360 1
361 1
362 1
363 1
364 1
365 1
366 1
367 1
368 1
369 1
370 1
371 1
372 1
373 1
374 1
375 1
376 1
377 1
378 1
379 1
380 1
381 1
382 1
383 1
384 1
385 1
386 1
387 1
388 1
389 1
390 1
391 1
392 1
393 1
394 1
395 1
396 1
397 1
398 1
399 1
400 1
401 1
402 1
403 1
404 1
405 1
406 1
407 1
408 1
409 1
410 1
411 1
412 1
413 1
414 1
415 1
416 1
417 1
418 1
419 1
420 1
421 1
422 1
423 1
424 1
425 1
426 1
427 1
428 1
429 1
430 1
431 1
432 1
433 1
434 1
435 1
436 1
437 1
438 1
439 1
440 1
441 1
442 1
443 1
444 1
445 1
446 1
447 1
448 1
449 1
450 1
451 1
452 1
453 1
454 1
455 1
456 1
457 1
458 1
459 1
460 1
461 1
462 1
463 1
464 1
465 1
466 1
467 1
468 1
469 1
470 1
471 1
472 1
473 1
474 1
475 1
476 1
477 1
478 1
479 1
480 1
481 1
482 1
483 1
484 1
485 1
486 1
487 1
488 1
489 1
490 1
491 1
492 1
493 1
494 1
495 1
496 1
497 2
498 2
499 2
500 2
501 2
502 2
503 2
504 2
505 2
506 2
507 2
508 2
509 2
510 2
511 2
512 2
513 2
514 2
515 2
516 2
517 2
518 2
519 2
520 2
521 2
522 2
523 2
524 2
525 2
526 2
527 2
528 2
529 2
530 2
531 2
532 2
533 2
534 2
535 2
536 2
537 2
538 2
539 2
540 2
541 2
542 2
543 2
544 2
545 2
546 2
547 2
548 2
549 2
550 2
551 2
552 2
553 2
554 2
555 2
556 2
557 2
558 2
559 2
560 2
561 2
562 2
563 2
564 2
565 2
566 2
567 2
568 2
569 2
570 2
571 2
572 2
573 2
574 2
575 2
576 2
577 2
578 2
579 2
580 2
581 2
582 2
583 2
584 2
585 2
586 2
587 2
588 2
589 2
590 2
591 2
592 2
593 2
594 2
595 2
596 2
597 2
598 2
599 2
600 2
601 2
602 2
603 2
604 2
605 2
606 2
607 2
608 2
609 2
610 2
611 2
612 2
613 2
614 2
615 2
616 2
617 2
618 2
619 2
620 2
621 2
622 2
623 2
624 2
625 2
626 2
627 2
628 2
629 2
630 2
631 2
632 2
633 2
634 2
635 2
636 2
637 2
638 2
639 2
640 2
641 2
642 2
643 2
644 2
645 2
646 2
647 2
648 2
649 2
650 2
651 2
652 2
653 2
654 2
655 2
656 2
657 2
658 2
659 2
660 2
661 2
662 2
663 2
664 2
665 2
666 2
667 2
668 2
669 2
670 2
671 2
672 2
673 2
674 2
675 2
676 2
677 2
678 2
679 2
680 2
681 2
682 2
683 2
684 2
685 2
686 2
687 2
688 2
689 2
690 2
691 2
692 2
693 2
694 2
695 2
696 2
697 2
698 2
699 2
700 2
701 2
702 2
703 2
704 2
705 2
706 2
707 2
708 2
709 2
710 2
711 2
712 2
713 2
714 2
715 2
716 2
717 2
718 2
719 2
720 2
721 2
722 2
723 2
724 2
725 2
726 2
727 2
728 2
729 2
730 2
731 2
732 2
733 2
734 2
735 2
736 2
737 2
738 2
739 2
740 2
741 2
742 2
743 2
744 2
745 2
746 2
747 2
748 2
749 2
750 2
751 2
752 2
753 2
754 2
755 2
756 2
757 2
758 2
759 2
760 2
761 2
762 2
763 2
764 2
765 2
766 2
767 2
768 2
769 2
770 2
771 2
772 2
773 2
774 2
775 2
776 2
777 2
778 2
779 2
780 2
781 2
782 2
783 2
784 2
785 2
786 2
787 2
788 2
789 2
790 2
791 2
792 2
793 2
794 2
795 2
796 2
797 2
798 2
799 2
800 2
801 2
802 2
803 2
804 2
805 2
806 2
807 2
808 2
809 2
810 2
811 2
812 2
813 2
814 2
815 2
816 2
817 2
818 2
819 2
820 2
821 2
822 2
823 2
824 2
825 2
826 2
827 2
828 2
829 2
830 2
831 2
832 2
833 2
834 2
835 2
836 2
837 2
838 2
839 2
840 2
841 2
842 2
843 2
844 2
845 2
846 2
847 2
848 2
849 2
850 2
851 2
852 2
853 2
854 2
855 2
856 2
857 2
858 2
859 2
860 2
861 2
862 2
863 2
864 2
865 2
866 2
867 2
868 2
869 2
870 2
871 2
872 2
873 2
874 2
875 2
876 2
877 2
878 2
879 2
880 2
881 2
882 2
883 2
884 2
885 2
886 2
887 2
888 2
889 2
890 2
891 2
892 2
893 2
894 2
895 2
896 2
897 2
898 2
899 2
900 2
901 2
902 2
903 2
904 2
905 2
906 2
907 2
908 2
909 2
910 2
911 2
912 2
913 2
914 2
915 2
916 2
917 2
918 2
919 2
920 2
921 2
922 2
923 2
924 2
925 2
926 2
927 2
928 2
929 3
930 3
931 3
932 3
933 3
934 3
935 3
936 3
937 3
938 3
939 3
940 3
941 3
942 3
943 3
944 3
945 3
946 3
947 3
948 3
949 3
950 3
951 3
952 3
953 3
954 3
955 3
956 3
957 3
958 3
959 3
960 3
961 3
962 3
963 3
964 3
965 3
966 3
967 3
968 3
969 3
970 3
971 3
972 3
973 3
974 3
975 3
976 3
977 3
978 3
979 3
980 3
981 3
982 3
983 3
984 3
985 3
986 3
987 3
988 3
989 3
990 3
991 3
992 3
993 3
994 3
995 3
996 3
997 3
998 3
999 3
1000 3
1001 3
1002 3
1003 3
1004 3
1005 3
1006 3
1007 3
1008 3
1009 3
1010 3
1011 3
1012 3
1013 3
1014 3
1015 3
1016 3
1017 3
1018 3
1019 3
1020 3
1021 3
1022 3
1023 3
1024 3
1025 3
1026 3
1027 3
1028 3
1029 3
1030 3
1031 3
1032 3
1033 3
1034 3
1035 3
1036 3
1037 3
1038 3
1039 3
1040 3
1041 3
1042 3
1043 3
1044 3
1045 3
1046 3
1047 3
1048 3
1049 3
1050 3
1051 3
1052 3
1053 3
1054 3
1055 3
1056 3
1057 3
1058 3
1059 3
1060 3
1061 3
1062 3
1063 3
1064 3
1065 3
1066 3
1067 3
1068 3
1069 3
1070 3
1071 3
1072 3
1073 3
1074 3
1075 3
1076 3
1077 3
1078 3
1079 3
1080 3
1081 3
1082 3
1083 3
1084 3
1085 3
1086 3
1087 3
1088 3
1089 3
1090 3
1091 3
1092 3
1093 3
1094 3
1095 3
1096 3
1097 3
1098 3
1099 3
1100 3
1101 3
1102 3
1103 3
1104 3
1105 3
1106 3
1107 3
1108 3
1109 3
1110 3
1111 3
1112 3
1113 3
1114 3
1115 3
1116 3
1117 3
1118 3
1119 3
1120 3
1121 3
1122 3
1123 3
1124 3
1125 3
1126 3
1127 3
1128 3
1129 3
1130 3
1131 3
1132 3
1133 3
1134 3
1135 3
1136 3
1137 3
1138 3
1139 3
1140 3
1141 3
1142 3
1143 3
1144 3
1145 3
1146 3
1147 3
1148 3
1149 3
1150 3
1151 3
1152 3
1153 3
1154 3
1155 3
1156 3
1157 3
1158 3
1159 3
1160 3
1161 3
1162 3
1163 3
1164 3
1165 3
1166 3
1167 3
1168 3
1169 3
1170 3
1171 3
1172 3
1173 3
1174 3
1175 3
1176 3
1177 3
1178 3
1179 3
1180 3
1181 3
1182 3
1183 3
1184 3
1185 3
1186 3
1187 3
1188 3
1189 3
1190 3
1191 3
1192 3
1193 3
1194 3
1195 3
1196 3
1197 3
1198 3
1199 3
1200 3
1201 3
1202 3
1203 3
1204 3
1205 3
1206 3
1207 3
1208 3
1209 3
1210 3
1211 3
1212 3
1213 3
1214 3
1215 3
1216 3
1217 3
1218 3
1219 3
1220 3
1221 3
1222 3
1223 3
1224 3
1225 3
1226 3
1227 3
1228 3
1229 3
1230 3
1231 3
1232 3
1233 3
1234 3
1235 3
1236 3
1237 3
1238 3
1239 3
1240 3
1241 3
1242 3
1243 3
1244 3
1245 3
1246 3
1247 3
1248 3
1249 3
1250 3
1251 3
1252 3
1253 3
1254 3
1255 3
1256 3
1257 3
1258 3
1259 3
1260 3
1261 3
1262 3
1263 3
1264 3
1265 3
1266 3
1267 3
1268 3
1269 3
1270 3
1271 3
1272 3
1273 3
1274 3
1275 3
1276 3
1277 3
1278 3
1279 3
1280 3
1281 3
1282 3
1283 3
1284 3
1285 3
1286 3
1287 3
1288 3
1289 3
1290 3
1291 3
1292 3
1293 3
1294 3
1295 3
1296 3
1297 3
1298 3
1299 3
1300 3
1301 3
1302 3
1303 3
1304 3
1305 3
1306 3
1307 3
1308 3
1309 3
1310 3
1311 3
1312 3
1313 4
1314 4
1315 4
1316 4
1317 4
1318 4
1319 4
1320 4
1321 4
1322 4
1323 4
1324 4
1325 4
1326 4
1327 4
1328 4
1329 4
1330 4
1331 4
1332 4
1333 4
1334 4
1335 4
1336 4
1337 4
1338 4
1339 4
1340 4
1341 4
1342 4
1343 4
1344 4
1345 4
1346 4
1347 4
1348 4
1349 4
1350 4
1351 4
1352 4
1353 4
1354 4
1355 4
1356 4
1357 4
1358 4
1359 4
1360 4
1361 4
1362 4
1363 4
1364 4
1365 4
1366 4
1367 4
1368 4
1369 4
1370 4
1371 4
1372 4
1373 4
1374 4
1375 4
1376 4
1377 4
1378 4
1379 4
1380 4
1381 4
1382 4
1383 4
1384 4
1385 4
1386 4
1387 4
1388 4
1389 4
1390 4
1391 4
1392 4
1393 4
1394 4
1395 4
1396 4
1397 4
1398 4
1399 4
1400 4
1401 4
1402 4
1403 4
1404 4
1405 4
1406 4
1407 4
1408 4
1409 4
1410 4
1411 4
1412 4
1413 4
1414 4
1415 4
1416 4
1417 4
1418 4
1419 4
1420 4
1421 4
1422 4
1423 4
1424 4
1425 4
1426 4
1427 4
1428 4
1429 4
1430 4
1431 4
1432 4
1433 4
1434 4
1435 4
1436 4
1437 4
1438 4
1439 4
1440 4
1441 4
1442 4
1443 4
1444 4
1445 4
1446 4
1447 4
1448 4
1449 4
1450 4
1451 4
1452 4
1453 4
1454 4
1455 4
1456 4
1457 4
1458 4
1459 4
1460 4
1461 4
1462 4
1463 4
1464 4
1465 4
1466 4
1467 4
1468 4
1469 4
1470 4
1471 4
1472 4
1473 4
1474 4
1475 4
1476 4
1477 4
1478 4
1479 4
1480 4
1481 4
1482 4
1483 4
1484 4
1485 4
1486 4
1487 4
1488 4
1489 4
1490 4
1491 4
1492 4
1493 4
1494 4
1495 4
1496 4
1497 4
1498 4
1499 4
1500 4
1501 4
1502 4
1503 4
1504 4
1505 4
1506 4
1507 4
1508 4
1509 4
1510 4
1511 4
1512 4
1513 4
1514 4
1515 4
1516 4
1517 4
1518 4
1519 4
1520 4
1521 4
1522 4
1523 4
1524 4
1525 4
1526 4
1527 4
1528 4
1529 4
1530 4
1531 4
1532 4
1533 4
1534 4
1535 4
1536 4
1537 4
1538 4
1539 4
1540 4
1541 4
1542 4
1543 4
1544 4
1545 4
1546 4
1547 4
1548 4
1549 4
1550 4
1551 4
1552 4
1553 4
1554 4
1555 4
1556 4
1557 4
1558 4
1559 4
1560 4
1561 4
1562 4
1563 4
1564 4
1565 4
1566 4
1567 4
1568 4
1569 4
1570 4
1571 4
1572 4
1573 4
1574 4
1575 4
1576 4
1577 4
1578 4
1579 4
1580 4
1581 4
1582 4
1583 4
1584 4
1585 4
1586 4
1587 4
1588 4
1589 4
1590 4
1591 4
1592 4
1593 4
1594 4
1595 4
1596 4
1597 4
1598 4
1599 4
1600 4
1601 4
1602 4
1603 4
1604 4
1605 4
1606 4
1607 4
1608 4
1609 4
1610 4
1611 4
1612 4
1613 4
1614 4
1615 4
1616 4
1617 4
1618 4
1619 4
1620 4
1621 4
1622 4
1623 4
1624 4
1625 4
1626 4
1627 4
1628 4
1629 4
1630 4
1631 4
1632 4
1633 4
1634 4
1635 4
1636 4
1637 4
1638 4
1639 4
1640 4
1641 4
1642 4
1643 4
1644 4
1645 4
1646 4
1647 4
1648 4
1649 5
1650 5
1651 5
1652 5
1653 5
1654 5
1655 5
1656 5
1657 5
1658 5
1659 5
1660 5
1661 5
1662 5
1663 5
1664 5
1665 5
1666 5
1667 5
1668 5
1669 5
1670 5
1671 5
1672 5
1673 5
1674 5
1675 5
1676 5
1677 5
1678 5
1679 5
1680 5
1681 5
1682 5
1683 5
1684 5
1685 5
1686 5
1687 5
1688 5
1689 5
1690 5
1691 5
1692 5
1693 5
1694 5
1695 5
1696 5
1697 5
1698 5
1699 5
1700 5
1701 5
1702 5
1703 5
1704 5
1705 5
1706 5
1707 5
1708 5
1709 5
1710 5
1711 5
1712 5
1713 5
1714 5
1715 5
1716 5
1717 5
1718 5
1719 5
1720 5
1721 5
1722 5
1723 5
1724 5
1725 5
1726 5
1727 5
1728 5
1729 5
1730 5
1731 5
1732 5
1733 5
1734 5
1735 5
1736 5
1737 5
1738 5
1739 5
1740 5
1741 5
1742 5
1743 5
1744 5
1745 5
1746 5
1747 5
1748 5
1749 5
1750 5
1751 5
1752 5
1753 5
1754 5
1755 5
1756 5
1757 5
1758 5
1759 5
1760 5
1761 5
1762 5
1763 5
1764 5
1765 5
1766 5
1767 5
1768 5
1769 5
1770 5
1771 5
1772 5
1773 5
1774 5
1775 5
1776 5
1777 5
1778 5
1779 5
1780 5
1781 5
1782 5
1783 5
1784 5
1785 5
1786 5
1787 5
1788 5
1789 5
1790 5
1791 5
1792 5
1793 5
1794 5
1795 5
1796 5
1797 5
1798 5
1799 5
1800 5
1801 5
1802 5
1803 5
1804 5
1805 5
1806 5
1807 5
1808 5
1809 5
1810 5
1811 5
1812 5
1813 5
1814 5
1815 5
1816 5
1817 5
1818 5
1819 5
1820 5
1821 5
1822 5
1823 5
1824 5
1825 5
1826 5
1827 5
1828 5
1829 5
1830 5
1831 5
1832 5
1833 5
1834 5
1835 5
1836 5
1837 5
1838 5
1839 5
1840 5
1841 5
1842 5
1843 5
1844 5
1845 5
1846 5
1847 5
1848 5
1849 5
1850 5
1851 5
1852 5
1853 5
1854 5
1855 5
1856 5
1857 5
1858 5
1859 5
1860 5
1861 5
1862 5
1863 5
1864 5
1865 5
1866 5
1867 5
1868 5
1869 5
1870 5
1871 5
1872 5
1873 5
1874 5
1875 5
1876 5
1877 5
1878 5
1879 5
1880 5
1881 5
1882 5
1883 5
1884 5
1885 5
1886 5
1887 5
1888 5
1889 5
1890 5
1891 5
1892 5
1893 5
1894 5
1895 5
1896 5
1897 5
1898 5
1899 5
1900 5
1901 5
1902 5
1903 5
1904 5
1905 5
1906 5
1907 5
1908 5
1909 5
1910 5
1911 5
1912 5
1913 5
1914 5
1915 5
1916 5
1917 5
1918 5
1919 5
1920 5
1921 5
1922 5
1923 5
1924 5
1925 5
1926 5
1927 5
1928 5
1929 5
1930 5
1931 5
1932 5
1933 5
1934 5
1935 5
1936 5
1937 6
1938 6
1939 6
1940 6
1941 6
1942 6
1943 6
1944 6
1945 6
1946 6
1947 6
1948 6
1949 6
1950 6
1951 6
1952 6
1953 6
1954 6
1955 6
1956 6
1957 6
1958 6
1959 6
1960 6
1961 6
1962 6
1963 6
1964 6
1965 6
1966 6
1967 6
1968 6
1969 6
1970 6
1971 6
1972 6
1973 6
1974 6
1975 6
1976 6
1977 6
1978 6
1979 6
1980 6
1981 6
1982 6
1983 6
1984 6
1985 6
1986 6
1987 6
1988 6
1989 6
1990 6
1991 6
1992 6
1993 6
1994 6
1995 6
1996 6
1997 6
1998 6
1999 6
2000 6
2001 6
2002 6
2003 6
2004 6
2005 6
2006 6
2007 6
2008 6
2009 6
2010 6
2011 6
2012 6
2013 6
2014 6
2015 6
2016 6
2017 6
2018 6
2019 6
2020 6
2021 6
2022 6
2023 6
2024 6
2025 6
2026 6
2027 6
2028 6
2029 6
2030 6
2031 6
2032 6
2033 6
2034 6
2035 6
2036 6
2037 6
2038 6
2039 6
2040 6
2041 6
2042 6
2043 6
2044 6
2045 6
2046 6
2047 6
2048 6
2049 6
2050 6
2051 6
2052 6
2053 6
2054 6
2055 6
2056 6
2057 6
2058 6
2059 6
2060 6
2061 6
2062 6
2063 6
2064 6
2065 6
2066 6
2067 6
2068 6
2069 6
2070 6
2071 6
2072 6
2073 6
2074 6
2075 6
2076 6
2077 6
2078 6
2079 6
2080 6
2081 6
2082 6
2083 6
2084 6
2085 6
2086 6
2087 6
2088 6
2089 6
2090 6
2091 6
2092 6
2093 6
2094 6
2095 6
2096 6
2097 6
2098 6
2099 6
2100 6
2101 6
2102 6
2103 6
2104 6
2105 6
2106 6
2107 6
2108 6
2109 6
2110 6
2111 6
2112 6
2113 6
2114 6
2115 6
2116 6
2117 6
2118 6
2119 6
2120 6
2121 6
2122 6
2123 6
2124 6
2125 6
2126 6
2127 6
2128 6
2129 6
2130 6
2131 6
2132 6
2133 6
2134 6
2135 6
2136 6
2137 6
2138 6
2139 6
2140 6
2141 6
2142 6
2143 6
2144 6
2145 6
2146 6
2147 6
2148 6
2149 6
2150 6
2151 6
2152 6
2153 6
2154 6
2155 6
2156 6
2157 6
2158 6
2159 6
2160 6
2161 6
2162 6
2163 6
2164 6
2165 6
2166 6
2167 6
2168 6
2169 6
2170 6
2171 6
2172 6
2173 6
2174 6
2175 6
2176 6
2177 7
2178 7
2179 7
2180 7
2181 7
2182 7
2183 7
2184 7
2185 7
2186 7
2187 7
2188 7
2189 7
2190 7
2191 7
2192 7
2193 7
2194 7
2195 7
2196 7
2197 7
2198 7
2199 7
2200 7
2201 7
2202 7
2203 7
2204 7
2205 7
2206 7
2207 7
2208 7
2209 7
2210 7
2211 7
2212 7
2213 7
2214 7
2215 7
2216 7
2217 7
2218 7
2219 7
2220 7
2221 7
2222 7
2223 7
2224 7
2225 7
2226 7
2227 7
2228 7
2229 7
2230 7
2231 7
2232 7
2233 7
2234 7
2235 7
2236 7
2237 7
2238 7
2239 7
2240 7
2241 7
2242 7
2243 7
2244 7
2245 7
2246 7
2247 7
2248 7
2249 7
2250 7
2251 7
2252 7
2253 7
2254 7
2255 7
2256 7
2257 7
2258 7
2259 7
2260 7
2261 7
2262 7
2263 7
2264 7
2265 7
2266 7
2267 7
2268 7
2269 7
2270 7
2271 7
2272 7
2273 7
2274 7
2275 7
2276 7
2277 7
2278 7
2279 7
2280 7
2281 7
2282 7
2283 7
2284 7
2285 7
2286 7
2287 7
2288 7
2289 7
2290 7
2291 7
2292 7
2293 7
2294 7
2295 7
2296 7
2297 7
2298 7
2299 7
2300 7
2301 7
2302 7
2303 7
2304 7
2305 7
2306 7
2307 7
2308 7
2309 7
2310 7
2311 7
2312 7
2313 7
2314 7
2315 7
2316 7
2317 7
2318 7
2319 7
2320 7
2321 7
2322 7
2323 7
2324 7
2325 7
2326 7
2327 7
2328 7
2329 7
2330 7
2331 7
2332 7
2333 7
2334 7
2335 7
2336 7
2337 7
2338 7
2339 7
2340 7
2341 7
2342 7
2343 7
2344 7
2345 7
2346 7
2347 7
2348 7
2349 7
2350 7
2351 7
2352 7
2353 7
2354 7
2355 7
2356 7
2357 7
2358 7
2359 7
2360 7
2361 7
2362 7
2363 7
2364 7
2365 7
2366 7
2367 7
2368 7
2369 8
2370 8
2371 8
2372 8
2373 8
2374 8
2375 8
2376 8
2377 8
2378 8
2379 8
2380 8
2381 8
2382 8
2383 8
2384 8
2385 8
2386 8
2387 8
2388 8
2389 8
2390 8
2391 8
2392 8
2393 8
2394 8
2395 8
2396 8
2397 8
2398 8
2399 8
2400 8
2401 8
2402 8
2403 8
2404 8
2405 8
2406 8
2407 8
2408 8
2409 8
2410 8
2411 8
2412 8
2413 8
2414 8
2415 8
2416 8
2417 8
2418 8
2419 8
2420 8
2421 8
2422 8
2423 8
2424 8
2425 8
2426 8
2427 8
2428 8
2429 8
2430 8
2431 8
2432 8
2433 8
2434 8
2435 8
2436 8
2437 8
2438 8
2439 8
2440 8
2441 8
2442 8
2443 8
2444 8
2445 8
2446 8
2447 8
2448 8
2449 8
2450 8
2451 8
2452 8
2453 8
2454 8
2455 8
2456 8
2457 8
2458 8
2459 8
2460 8
2461 8
2462 8
2463 8
2464 8
2465 8
2466 8
2467 8
2468 8
2469 8
2470 8
2471 8
2472 8
2473 8
2474 8
2475 8
2476 8
2477 8
2478 8
2479 8
2480 8
2481 8
2482 8
2483 8
2484 8
2485 8
2486 8
2487 8
2488 8
2489 8
2490 8
2491 8
2492 8
2493 8
2494 8
2495 8
2496 8
2497 8
2498 8
2499 8
2500 8
2501 8
2502 8
2503 8
2504 8
2505 8
2506 8
2507 8
2508 8
2509 8
2510 8
2511 8
2512 8
2513 9
2514 9
2515 9
2516 9
2517 9
2518 9
2519 9
2520 9
2521 9
2522 9
2523 9
2524 9
2525 9
2526 9
2527 9
2528 9
2529 9
2530 9
2531 9
2532 9
2533 9
2534 9
2535 9
2536 9
2537 9
2538 9
2539 9
2540 9
2541 9
2542 9
2543 9
2544 9
2545 9
2546 9
2547 9
2548 9
2549 9
2550 9
2551 9
2552 9
2553 9
2554 9
2555 9
2556 9
2557 9
2558 9
2559 9
2560 9
2561 9
2562 9
2563 9
2564 9
2565 9
2566 9
2567 9
2568 9
2569 9
2570 9
2571 9
2572 9
2573 9
2574 9
2575 9
2576 9
2577 9
2578 9
2579 9
2580 9
2581 9
2582 9
2583 9
2584 9
2585 9
2586 9
2587 9
2588 9
2589 9
2590 9
2591 9
2592 9
2593 9
2594 9
2595 9
2596 9
2597 9
2598 9
2599 9
2600 9
2601 9
2602 9
2603 9
2604 9
2605 9
2606 9
2607 9
2608 9
2609 9
2610 9
2611 9
2612 9
2613 9
2614 9
2615 9
2616 9
2617 9
2618 9
2619 9
2620 9
2621 9
2622 9
2623 9
2624 9
2625 9
2626 9
2627 9
2628 9
2629 9
2630 9
2631 9
2632 9
2633 9
2634 9
2635 9
2636 9
2637 9
2638 9
2639 9
2640 9
2641 9
2642 9
2643 9
2644 9
2645 9
2646 9
2647 9
2648 9
2649 9
2650 9
2651 9
2652 9
2653 9
2654 9
2655 9
2656 9
2657 10
2658 10
2659 10
2660 10
2661 10
2662 10
2663 10
2664 10
2665 10
2666 10
2667 10
2668 10
2669 10
2670 10
2671 10
2672 10
2673 10
2674 10
2675 10
2676 10
2677 10
2678 10
2679 10
2680 10
2681 10
2682 10
2683 10
2684 10
2685 10
2686 10
2687 10
2688 10
2689 10
2690 10
2691 10
2692 10
2693 10
2694 10
2695 10
2696 10
2697 10
2698 10
2699 10
2700 10
2701 10
2702 10
2703 10
2704 10
2705 10
2706 10
2707 10
2708 10
2709 10
2710 10
2711 10
2712 10
2713 10
2714 10
2715 10
2716 10
2717 10
2718 10
2719 10
2720 10
2721 10
2722 10
2723 10
2724 10
2725 10
2726 10
2727 10
2728 10
2729 10
2730 10
2731 10
2732 10
2733 10
2734 10
2735 10
2736 10
2737 10
2738 10
2739 10
2740 10
2741 10
2742 10
2743 10
2744 10
2745 10
2746 10
2747 10
2748 10
2749 10
2750 10
2751 10
2752 10
2753 10
2754 10
2755 10
2756 10
2757 10
2758 10
2759 10
2760 10
2761 10
2762 10
2763 10
2764 10
2765 10
2766 10
2767 10
2768 10
2769 10
2770 10
2771 10
2772 10
2773 10
2774 10
2775 10
2776 10
2777 10
2778 10
2779 10
2780 10
2781 10
2782 10
2783 10
2784 10
2785 10
2786 10
2787 10
2788 10
2789 10
2790 10
2791 10
2792 10
2793 10
2794 10
2795 10
2796 10
2797 10
2798 10
2799 10
2800 10
2801 10
2802 10
2803 10
2804 10
2805 10
2806 10
2807 10
2808 10
2809 10
2810 10
2811 10
2812 10
2813 10
2814 10
2815 10
2816 10
2817 10
2818 10
2819 10
2820 10
2821 10
2822 10
2823 10
2824 10
2825 10
2826 10
2827 10
2828 10
2829 10
2830 10
2831 10
2832 10
2833 10
2834 10
2835 10
2836 10
2837 10
2838 10
2839 10
2840 10
2841 10
2842 10
2843 10
2844 10
2845 10
2846 10
2847 10
2848 10
2849 10
2850 10
2851 10
2852 10
2853 10
2854 10
2855 10
2856 10
2857 10
2858 10
2859 10
2860 10
2861 10
2862 10
2863 10
2864 10
2865 10
2866 10
2867 10
2868 10
2869 10
2870 10
2871 10
2872 10
2873 10
2874 10
2875 10
2876 10
2877 10
2878 10
2879 10
2880 10
2881 10
2882 10
2883 10
2884 10
2885 10
2886 10
2887 10
2888 10
2889 10
2890 10
2891 10
2892 10
2893 10
2894 10
2895 10
2896 10
2897 10
2898 10
2899 10
2900 10
2901 10
2902 10
2903 10
2904 10
2905 10
2906 10
2907 10
2908 10
2909 10
2910 10
2911 10
2912 10
2913 10
2914 10
2915 10
2916 10
2917 10
2918 10
2919 10
2920 10
2921 10
2922 10
2923 10
2924 10
2925 10
2926 10
2927 10
2928 10
2929 10
2930 10
2931 10
2932 10
2933 10
2934 10
2935 10
2936 10
2937 10
2938 10
2939 10
2940 10
2941 10
2942 10
2943 10
2944 10
2945 10
2946 10
2947 10
2948 10
2949 10
2950 10
2951 10
2952 10
2953 10
2954 10
2955 10
2956 10
2957 10
2958 10
2959 10
2960 10
2961 10
2962 10
2963 10
2964 10
2965 10
2966 10
2967 10
2968 10
2969 10
2970 10
2971 10
2972 10
2973 10
2974 10
2975 10
2976 10
2977 10
2978 10
2979 10
2980 10
2981 10
2982 10
2983 10
2984 10
2985 10
2986 10
2987 10
2988 10
2989 10
2990 10
2991 10
2992 10
2993 10
2994 10
2995 10
2996 10
2997 10
2998 10
2999 10
3000 10
3001 10
3002 10
3003 10
3004 10
3005 10
3006 10
3007 10
3008 10
3009 10
3010 10
3011 10
3012 10
3013 10
3014 10
3015 10
3016 10
3017 10
3018 10
3019 10
3020 10
3021 10
3022 10
3023 10
3024 10
3025 10
3026 10
3027 10
3028 10
3029 10
3030 10
3031 10
3032 10
3033 10
3034 10
3035 10
3036 10
3037 10
3038 10
3039 10
3040 10
3041 10
3042 10
3043 10
3044 10
3045 10
3046 10
3047 10
3048 10
3049 10
3050 10
3051 10
3052 10
3053 10
3054 10
3055 10
3056 10
3057 10
3058 10
3059 10
3060 10
3061 10
3062 10
3063 10
3064 10
3065 10
3066 10
3067 10
3068 10
3069 10
3070 10
3071 10
3072 10
3073 10
3074 10
3075 10
3076 10
3077 10
3078 10
3079 10
3080 10
3081 10
3082 10
3083 10
3084 10
3085 10
3086 10
3087 10
3088 10
3089 10
3090 10
3091 10
3092 10
3093 10
3094 10
3095 10
3096 10
3097 10
3098 10
3099 10
3100 10
3101 10
3102 10
3103 10
3104 10
3105 10
3106 10
3107 10
3108 10
3109 10
3110 10
3111 10
3112 10
3113 10
3114 10
3115 10
3116 10
3117 10
3118 10
3119 10
3120 10
3121 10
3122 10
3123 10
3124 10
3125 10
3126 10
3127 10
3128 10
3129 10
3130 10
3131 10
3132 10
3133 10
3134 10
3135 10
3136 10
3137 10
3138 10
3139 10
3140 10
3141 10
3142 10
3143 10
3144 10
3145 10
3146 10
3147 10
3148 10
3149 10
3150 10
3151 10
3152 10
END_ELEMENTS
