BOUNDARIES, ELEMENTS
    1  63   64   608   607    31
    2  64   96   640   608    62
    3  96   128   672   640    93
    4  128   160   704   672    124
    5  160   192   736   704    155
    6  192   224   768   736    186
    7  224   256   800   768    217
    8  256   288   832   800    248
    9  288   320   864   832    279
    10  320   352   896   864    310
    11  352   384   928   896    341
    12  384   416   960   928    372
    13  416   448   992   960    403
    14  448   480   1024   992    434
    15  480   512   1056   1024    465
    16  512   544   1088   1056    496
    17  607   608   1144   1143    523
    18  608   640   1172   1144    550
    19  640   672   1200   1172    577
    20  672   704   1228   1200    604
    21  704   736   1256   1228    631
    22  736   768   1284   1256    658
    23  768   800   1312   1284    685
    24  800   832   1340   1312    712
    25  832   864   1368   1340    739
    26  864   896   1396   1368    766
    27  896   928   1424   1396    793
    28  928   960   1452   1424    820
    29  960   992   1480   1452    847
    30  992   1024   1508   1480    874
    31  1024   1056   1536   1508    901
    32  1056   1088   1564   1536    928
    33  1143   1144   1614   1613    952
    34  1144   1172   1639   1614    976
    35  1172   1200   1664   1639    1000
    36  1200   1228   1689   1664    1024
    37  1228   1256   1714   1689    1048
    38  1256   1284   1739   1714    1072
    39  1284   1312   1764   1739    1096
    40  1312   1340   1789   1764    1120
    41  1340   1368   1814   1789    1144
    42  1368   1396   1839   1814    1168
    43  1396   1424   1864   1839    1192
    44  1424   1452   1889   1864    1216
    45  1452   1480   1914   1889    1240
    46  1480   1508   1939   1914    1264
    47  1508   1536   1964   1939    1288
    48  1536   1564   1989   1964    1312
    49  1613   1614   2033   2032    1333
    50  1614   1639   2055   2033    1354
    51  1639   1664   2077   2055    1375
    52  1664   1689   2099   2077    1396
    53  1689   1714   2121   2099    1417
    54  1714   1739   2143   2121    1438
    55  1739   1764   2165   2143    1459
    56  1764   1789   2187   2165    1480
    57  1789   1814   2209   2187    1501
    58  1814   1839   2231   2209    1522
    59  1839   1864   2253   2231    1543
    60  1864   1889   2275   2253    1564
    61  1889   1914   2297   2275    1585
    62  1914   1939   2319   2297    1606
    63  1939   1964   2341   2319    1627
    64  1964   1989   2363   2341    1648
    65  2032   2033   2401   2400    1666
    66  2033   2055   2420   2401    1684
    67  2055   2077   2439   2420    1702
    68  2077   2099   2458   2439    1720
    69  2099   2121   2477   2458    1738
    70  2121   2143   2496   2477    1756
    71  2143   2165   2515   2496    1774
    72  2165   2187   2534   2515    1792
    73  2187   2209   2553   2534    1810
    74  2209   2231   2572   2553    1828
    75  2231   2253   2591   2572    1846
    76  2253   2275   2610   2591    1864
    77  2275   2297   2629   2610    1882
    78  2297   2319   2648   2629    1900
    79  2319   2341   2667   2648    1918
    80  2341   2363   2686   2667    1936
    81  2400   2401   2718   2717    1951
    82  2401   2420   2734   2718    1966
    83  2420   2439   2750   2734    1981
    84  2439   2458   2766   2750    1996
    85  2458   2477   2782   2766    2011
    86  2477   2496   2798   2782    2026
    87  2496   2515   2814   2798    2041
    88  2515   2534   2830   2814    2056
    89  2534   2553   2846   2830    2071
    90  2553   2572   2862   2846    2086
    91  2572   2591   2878   2862    2101
    92  2591   2610   2894   2878    2116
    93  2610   2629   2910   2894    2131
    94  2629   2648   2926   2910    2146
    95  2648   2667   2942   2926    2161
    96  2667   2686   2958   2942    2176
    97  2717   2718   2984   2983    2188
    98  2718   2734   2997   2984    2200
    99  2734   2750   3010   2997    2212
    100  2750   2766   3023   3010    2224
    101  2766   2782   3036   3023    2236
    102  2782   2798   3049   3036    2248
    103  2798   2814   3062   3049    2260
    104  2814   2830   3075   3062    2272
    105  2830   2846   3088   3075    2284
    106  2846   2862   3101   3088    2296
    107  2862   2878   3114   3101    2308
    108  2878   2894   3127   3114    2320
    109  2894   2910   3140   3127    2332
    110  2910   2926   3153   3140    2344
    111  2926   2942   3166   3153    2356
    112  2942   2958   3179   3166    2368
    113  2983   2984   3199   3198    2377
    114  2984   2997   3209   3199    2386
    115  2997   3010   3219   3209    2395
    116  3010   3023   3229   3219    2404
    117  3023   3036   3239   3229    2413
    118  3036   3049   3249   3239    2422
    119  3049   3062   3259   3249    2431
    120  3062   3075   3269   3259    2440
    121  3075   3088   3279   3269    2449
    122  3088   3101   3289   3279    2458
    123  3101   3114   3299   3289    2467
    124  3114   3127   3309   3299    2476
    125  3127   3140   3319   3309    2485
    126  3140   3153   3329   3319    2494
    127  3153   3166   3339   3329    2503
    128  3166   3179   3349   3339    2512
    129  3198   3199   3369   3368    2521
    130  3199   3209   3379   3369    2530
    131  3209   3219   3389   3379    2539
    132  3219   3229   3399   3389    2548
    133  3229   3239   3409   3399    2557
    134  3239   3249   3419   3409    2566
    135  3249   3259   3429   3419    2575
    136  3259   3269   3439   3429    2584
    137  3269   3279   3449   3439    2593
    138  3279   3289   3459   3449    2602
    139  3289   3299   3469   3459    2611
    140  3299   3309   3479   3469    2620
    141  3309   3319   3489   3479    2629
    142  3319   3329   3499   3489    2638
    143  3329   3339   3509   3499    2647
    144  3339   3349   3519   3509    2656
    145  3368   3369   3583   3582    2687
    146  3369   3379   3615   3583    2718
    147  3379   3389   3647   3615    2749
    148  3389   3399   3679   3647    2780
    149  3399   3409   3711   3679    2811
    150  3409   3419   3743   3711    2842
    151  3419   3429   3775   3743    2873
    152  3429   3439   3807   3775    2904
    153  3439   3449   3839   3807    2935
    154  3449   3459   3871   3839    2966
    155  3459   3469   3903   3871    2997
    156  3469   3479   3935   3903    3028
    157  3479   3489   3967   3935    3059
    158  3489   3499   3999   3967    3090
    159  3499   3509   4031   3999    3121
    160  3509   3519   4063   4031    3152
    161  1   545   548   4    1
    162  4   548   610   66    32
    163  66   610   642   98    63
    164  98   642   674   130    94
    165  130   674   706   162    125
    166  162   706   738   194    156
    167  194   738   770   226    187
    168  226   770   802   258    218
    169  258   802   834   290    249
    170  290   834   866   322    280
    171  322   866   898   354    311
    172  354   898   930   386    342
    173  386   930   962   418    373
    174  418   962   994   450    404
    175  450   994   1026   482    435
    176  482   1026   1058   514    466
    177  545   3520   3523   548    2657
    178  548   3523   3585   610    2688
    179  610   3585   3617   642    2719
    180  642   3617   3649   674    2750
    181  674   3649   3681   706    2781
    182  706   3681   3713   738    2812
    183  738   3713   3745   770    2843
    184  770   3745   3777   802    2874
    185  802   3777   3809   834    2905
    186  834   3809   3841   866    2936
    187  866   3841   3873   898    2967
    188  898   3873   3905   930    2998
    189  930   3905   3937   962    3029
    190  962   3937   3969   994    3060
    191  994   3969   4001   1026    3091
    192  1026   4001   4033   1058    3122
END_BOUNDARIES
