BOUNDARIES, ELEMENTS
    1  105   106   1537   1536    52
    2  106   159   1590   1537    104
    3  159   212   1643   1590    156
    4  212   265   1696   1643    208
    5  265   318   1749   1696    260
    6  318   371   1802   1749    312
    7  371   424   1855   1802    364
    8  424   477   1908   1855    416
    9  477   530   1961   1908    468
    10  530   583   2014   1961    520
    11  583   636   2067   2014    572
    12  636   689   2120   2067    624
    13  689   742   2173   2120    676
    14  742   795   2226   2173    728
    15  795   848   2279   2226    780
    16  848   901   2332   2279    832
    17  901   954   2385   2332    884
    18  954   1007   2438   2385    936
    19  1007   1060   2491   2438    988
    20  1060   1113   2544   2491    1040
    21  1113   1166   2597   2544    1092
    22  1166   1219   2650   2597    1144
    23  1219   1272   2703   2650    1196
    24  1272   1325   2756   2703    1248
    25  1325   1378   2809   2756    1300
    26  1378   1431   2862   2809    1352
    27  1536   1537   2968   2967    1404
    28  1537   1590   3021   2968    1456
    29  1590   1643   3074   3021    1508
    30  1643   1696   3127   3074    1560
    31  1696   1749   3180   3127    1612
    32  1749   1802   3233   3180    1664
    33  1802   1855   3286   3233    1716
    34  1855   1908   3339   3286    1768
    35  1908   1961   3392   3339    1820
    36  1961   2014   3445   3392    1872
    37  2014   2067   3498   3445    1924
    38  2067   2120   3551   3498    1976
    39  2120   2173   3604   3551    2028
    40  2173   2226   3657   3604    2080
    41  2226   2279   3710   3657    2132
    42  2279   2332   3763   3710    2184
    43  2332   2385   3816   3763    2236
    44  2385   2438   3869   3816    2288
    45  2438   2491   3922   3869    2340
    46  2491   2544   3975   3922    2392
    47  2544   2597   4028   3975    2444
    48  2597   2650   4081   4028    2496
    49  2650   2703   4134   4081    2548
    50  2703   2756   4187   4134    2600
    51  2756   2809   4240   4187    2652
    52  2809   2862   4293   4240    2704
    53  2967   2968   4399   4398    2756
    54  2968   3021   4452   4399    2808
    55  3021   3074   4505   4452    2860
    56  3074   3127   4558   4505    2912
    57  3127   3180   4611   4558    2964
    58  3180   3233   4664   4611    3016
    59  3233   3286   4717   4664    3068
    60  3286   3339   4770   4717    3120
    61  3339   3392   4823   4770    3172
    62  3392   3445   4876   4823    3224
    63  3445   3498   4929   4876    3276
    64  3498   3551   4982   4929    3328
    65  3551   3604   5035   4982    3380
    66  3604   3657   5088   5035    3432
    67  3657   3710   5141   5088    3484
    68  3710   3763   5194   5141    3536
    69  3763   3816   5247   5194    3588
    70  3816   3869   5300   5247    3640
    71  3869   3922   5353   5300    3692
    72  3922   3975   5406   5353    3744
    73  3975   4028   5459   5406    3796
    74  4028   4081   5512   5459    3848
    75  4081   4134   5565   5512    3900
    76  4134   4187   5618   5565    3952
    77  4187   4240   5671   5618    4004
    78  4240   4293   5724   5671    4056
    79  4398   4399   5830   5829    4108
    80  4399   4452   5883   5830    4160
    81  4452   4505   5936   5883    4212
    82  4505   4558   5989   5936    4264
    83  4558   4611   6042   5989    4316
    84  4611   4664   6095   6042    4368
    85  4664   4717   6148   6095    4420
    86  4717   4770   6201   6148    4472
    87  4770   4823   6254   6201    4524
    88  4823   4876   6307   6254    4576
    89  4876   4929   6360   6307    4628
    90  4929   4982   6413   6360    4680
    91  4982   5035   6466   6413    4732
    92  5035   5088   6519   6466    4784
    93  5088   5141   6572   6519    4836
    94  5141   5194   6625   6572    4888
    95  5194   5247   6678   6625    4940
    96  5247   5300   6731   6678    4992
    97  5300   5353   6784   6731    5044
    98  5353   5406   6837   6784    5096
    99  5406   5459   6890   6837    5148
    100  5459   5512   6943   6890    5200
    101  5512   5565   6996   6943    5252
    102  5565   5618   7049   6996    5304
    103  5618   5671   7102   7049    5356
    104  5671   5724   7155   7102    5408
    105  5829   5830   7261   7260    5460
    106  5830   5883   7314   7261    5512
    107  5883   5936   7367   7314    5564
    108  5936   5989   7420   7367    5616
    109  5989   6042   7473   7420    5668
    110  6042   6095   7526   7473    5720
    111  6095   6148   7579   7526    5772
    112  6148   6201   7632   7579    5824
    113  6201   6254   7685   7632    5876
    114  6254   6307   7738   7685    5928
    115  6307   6360   7791   7738    5980
    116  6360   6413   7844   7791    6032
    117  6413   6466   7897   7844    6084
    118  6466   6519   7950   7897    6136
    119  6519   6572   8003   7950    6188
    120  6572   6625   8056   8003    6240
    121  6625   6678   8109   8056    6292
    122  6678   6731   8162   8109    6344
    123  6731   6784   8215   8162    6396
    124  6784   6837   8268   8215    6448
    125  6837   6890   8321   8268    6500
    126  6890   6943   8374   8321    6552
    127  6943   6996   8427   8374    6604
    128  6996   7049   8480   8427    6656
    129  7049   7102   8533   8480    6708
    130  7102   7155   8586   8533    6760
    131  7260   7261   8692   8691    6812
    132  7261   7314   8745   8692    6864
    133  7314   7367   8798   8745    6916
    134  7367   7420   8851   8798    6968
    135  7420   7473   8904   8851    7020
    136  7473   7526   8957   8904    7072
    137  7526   7579   9010   8957    7124
    138  7579   7632   9063   9010    7176
    139  7632   7685   9116   9063    7228
    140  7685   7738   9169   9116    7280
    141  7738   7791   9222   9169    7332
    142  7791   7844   9275   9222    7384
    143  7844   7897   9328   9275    7436
    144  7897   7950   9381   9328    7488
    145  7950   8003   9434   9381    7540
    146  8003   8056   9487   9434    7592
    147  8056   8109   9540   9487    7644
    148  8109   8162   9593   9540    7696
    149  8162   8215   9646   9593    7748
    150  8215   8268   9699   9646    7800
    151  8268   8321   9752   9699    7852
    152  8321   8374   9805   9752    7904
    153  8374   8427   9858   9805    7956
    154  8427   8480   9911   9858    8008
    155  8480   8533   9964   9911    8060
    156  8533   8586   10017   9964    8112
    157  1   1432   1435   4    1
    158  4   1435   1539   108    53
    159  108   1539   1592   161    105
    160  161   1592   1645   214    157
    161  214   1645   1698   267    209
    162  267   1698   1751   320    261
    163  320   1751   1804   373    313
    164  373   1804   1857   426    365
    165  426   1857   1910   479    417
    166  479   1910   1963   532    469
    167  532   1963   2016   585    521
    168  585   2016   2069   638    573
    169  638   2069   2122   691    625
    170  691   2122   2175   744    677
    171  744   2175   2228   797    729
    172  797   2228   2281   850    781
    173  850   2281   2334   903    833
    174  903   2334   2387   956    885
    175  956   2387   2440   1009    937
    176  1009   2440   2493   1062    989
    177  1062   2493   2546   1115    1041
    178  1115   2546   2599   1168    1093
    179  1168   2599   2652   1221    1145
    180  1221   2652   2705   1274    1197
    181  1274   2705   2758   1327    1249
    182  1327   2758   2811   1380    1301
    183  1432   2863   2866   1435    1353
    184  1435   2866   2970   1539    1405
    185  1539   2970   3023   1592    1457
    186  1592   3023   3076   1645    1509
    187  1645   3076   3129   1698    1561
    188  1698   3129   3182   1751    1613
    189  1751   3182   3235   1804    1665
    190  1804   3235   3288   1857    1717
    191  1857   3288   3341   1910    1769
    192  1910   3341   3394   1963    1821
    193  1963   3394   3447   2016    1873
    194  2016   3447   3500   2069    1925
    195  2069   3500   3553   2122    1977
    196  2122   3553   3606   2175    2029
    197  2175   3606   3659   2228    2081
    198  2228   3659   3712   2281    2133
    199  2281   3712   3765   2334    2185
    200  2334   3765   3818   2387    2237
    201  2387   3818   3871   2440    2289
    202  2440   3871   3924   2493    2341
    203  2493   3924   3977   2546    2393
    204  2546   3977   4030   2599    2445
    205  2599   4030   4083   2652    2497
    206  2652   4083   4136   2705    2549
    207  2705   4136   4189   2758    2601
    208  2758   4189   4242   2811    2653
    209  2863   4294   4297   2866    2705
    210  2866   4297   4401   2970    2757
    211  2970   4401   4454   3023    2809
    212  3023   4454   4507   3076    2861
    213  3076   4507   4560   3129    2913
    214  3129   4560   4613   3182    2965
    215  3182   4613   4666   3235    3017
    216  3235   4666   4719   3288    3069
    217  3288   4719   4772   3341    3121
    218  3341   4772   4825   3394    3173
    219  3394   4825   4878   3447    3225
    220  3447   4878   4931   3500    3277
    221  3500   4931   4984   3553    3329
    222  3553   4984   5037   3606    3381
    223  3606   5037   5090   3659    3433
    224  3659   5090   5143   3712    3485
    225  3712   5143   5196   3765    3537
    226  3765   5196   5249   3818    3589
    227  3818   5249   5302   3871    3641
    228  3871   5302   5355   3924    3693
    229  3924   5355   5408   3977    3745
    230  3977   5408   5461   4030    3797
    231  4030   5461   5514   4083    3849
    232  4083   5514   5567   4136    3901
    233  4136   5567   5620   4189    3953
    234  4189   5620   5673   4242    4005
    235  4294   5725   5728   4297    4057
    236  4297   5728   5832   4401    4109
    237  4401   5832   5885   4454    4161
    238  4454   5885   5938   4507    4213
    239  4507   5938   5991   4560    4265
    240  4560   5991   6044   4613    4317
    241  4613   6044   6097   4666    4369
    242  4666   6097   6150   4719    4421
    243  4719   6150   6203   4772    4473
    244  4772   6203   6256   4825    4525
    245  4825   6256   6309   4878    4577
    246  4878   6309   6362   4931    4629
    247  4931   6362   6415   4984    4681
    248  4984   6415   6468   5037    4733
    249  5037   6468   6521   5090    4785
    250  5090   6521   6574   5143    4837
    251  5143   6574   6627   5196    4889
    252  5196   6627   6680   5249    4941
    253  5249   6680   6733   5302    4993
    254  5302   6733   6786   5355    5045
    255  5355   6786   6839   5408    5097
    256  5408   6839   6892   5461    5149
    257  5461   6892   6945   5514    5201
    258  5514   6945   6998   5567    5253
    259  5567   6998   7051   5620    5305
    260  5620   7051   7104   5673    5357
    261  5725   7156   7159   5728    5409
    262  5728   7159   7263   5832    5461
    263  5832   7263   7316   5885    5513
    264  5885   7316   7369   5938    5565
    265  5938   7369   7422   5991    5617
    266  5991   7422   7475   6044    5669
    267  6044   7475   7528   6097    5721
    268  6097   7528   7581   6150    5773
    269  6150   7581   7634   6203    5825
    270  6203   7634   7687   6256    5877
    271  6256   7687   7740   6309    5929
    272  6309   7740   7793   6362    5981
    273  6362   7793   7846   6415    6033
    274  6415   7846   7899   6468    6085
    275  6468   7899   7952   6521    6137
    276  6521   7952   8005   6574    6189
    277  6574   8005   8058   6627    6241
    278  6627   8058   8111   6680    6293
    279  6680   8111   8164   6733    6345
    280  6733   8164   8217   6786    6397
    281  6786   8217   8270   6839    6449
    282  6839   8270   8323   6892    6501
    283  6892   8323   8376   6945    6553
    284  6945   8376   8429   6998    6605
    285  6998   8429   8482   7051    6657
    286  7051   8482   8535   7104    6709
    287  7156   8587   8590   7159    6761
    288  7159   8590   8694   7263    6813
    289  7263   8694   8747   7316    6865
    290  7316   8747   8800   7369    6917
    291  7369   8800   8853   7422    6969
    292  7422   8853   8906   7475    7021
    293  7475   8906   8959   7528    7073
    294  7528   8959   9012   7581    7125
    295  7581   9012   9065   7634    7177
    296  7634   9065   9118   7687    7229
    297  7687   9118   9171   7740    7281
    298  7740   9171   9224   7793    7333
    299  7793   9224   9277   7846    7385
    300  7846   9277   9330   7899    7437
    301  7899   9330   9383   7952    7489
    302  7952   9383   9436   8005    7541
    303  8005   9436   9489   8058    7593
    304  8058   9489   9542   8111    7645
    305  8111   9542   9595   8164    7697
    306  8164   9595   9648   8217    7749
    307  8217   9648   9701   8270    7801
    308  8270   9701   9754   8323    7853
    309  8323   9754   9807   8376    7905
    310  8376   9807   9860   8429    7957
    311  8429   9860   9913   8482    8009
    312  8482   9913   9966   8535    8061
END_BOUNDARIES
